6.699408305195877489e-01 -7.424144958193670263e-01
4.158397785339310593e-01 -9.094378915510674677e-01
9.308275699873349573e-01 -3.654586638068291204e-01
4.779113163328078118e-01 8.784080906509472708e-01
-9.280627654111373026e-01 3.724238223548974047e-01
2.219085935501284024e-01 -9.750674725928477615e-01
-6.999104469115190463e-01 7.142306114303123010e-01
9.996554693873322961e-01 2.624771464322883663e-02
-8.489566926605471853e-01 5.284624243849935787e-01
-8.610338318383631284e-01 5.085476776367635621e-01
6.655897958253704783e-01 -7.463177766160615789e-01
9.631141714891289229e-01 2.690930929563383200e-01
-7.334977542943940110e-01 -6.796918746351765517e-01
-6.570547892612691454e-01 7.538428244062743699e-01
-9.003385294567727293e-01 -4.351902255056011581e-01
-9.724307171724120291e-01 2.331919816364800280e-01
5.213051148377257915e-01 8.533703634671324645e-01
8.068007785129360787e-01 5.908235809367465841e-01
4.159725437146625793e-01 -9.093771730561269750e-01
-7.681182310213180431e-01 -6.403080377230017106e-01
9.146929092201898648e-01 -4.041495785254582418e-01
9.230570583086713521e-01 3.846630565917944500e-01
-9.063081914661793581e-01 -4.226173944376913627e-01
-7.472251828768546877e-01 6.645709338171893465e-01
-9.854251381669354437e-01 1.701096618910170333e-01
-6.007237368814885015e-01 -7.994566854727903626e-01
-9.805555080963991310e-01 -1.962419311508435960e-01
-8.175656528904025055e-01 -5.758353959369726383e-01
9.221991523677177671e-01 3.867153001527906531e-01
4.170244940874791584e-01 9.088952477216954984e-01
-2.118385117837288667e-01 9.773046837733128100e-01
-4.860698724684059946e-01 8.739199500403612708e-01
-8.198024797060062818e-01 -5.726463954901692688e-01
-2.787412045249744175e-01 9.603662535199611883e-01
-7.720239516255259504e-01 -6.355934377544402158e-01
7.149151967396902840e-01 6.992111708708964590e-01
-8.622512326916542680e-01 -5.064808108129298381e-01
6.481873994650577675e-01 -7.614808567355620950e-01
-1.048802263327351103e-01 9.944848606813451175e-01
-9.096463713975670995e-01 4.153835324170175869e-01
-9.957902158356712885e-01 -9.166158435215550349e-02
-8.158110114415653147e-01 -5.783185917906239482e-01
2.587485815739726802e-01 -9.659447041800359735e-01
6.083318176116869758e-01 7.936828079788934565e-01
9.994583946093544835e-01 3.290771102480194443e-02
-9.270206381122947370e-01 -3.750103152099604764e-01
-7.925254796422143144e-01 6.098388017483620249e-01
-8.110010386016348605e-01 -5.850447122973334579e-01
-8.100125400099278394e-01 -5.864125553112458089e-01
-6.597236686650715942e-01 -7.515082707482990676e-01
-9.431981012787404861e-01 -3.322308560988562198e-01
3.589711201218686032e-01 9.333486673898725439e-01
-4.691794425894085796e-01 8.831028539482204121e-01
-9.536346911421296202e-01 -3.009665693233302131e-01
-4.036116340334623409e-01 9.149304065735484048e-01
9.144271867075044469e-01 4.047504418900595424e-01
-3.557977966264967429e-01 -9.345629609158123685e-01
-1.869117663590018352e-01 -9.823767055445471463e-01
-9.619823615710011433e-01 2.731115816406906038e-01
-4.741437866878367990e-01 -8.804474257701699891e-01
4.735994978591160365e-01 -8.807403224717221812e-01
9.885386826527750026e-01 -1.509677876207908553e-01
-9.998101274957414963e-01 1.948612216294253255e-02
9.392654027951905515e-01 -3.431916419611477087e-01
-5.111315584786185751e-01 -8.595024897737170155e-01
-7.932283144455136714e-01 6.089243312283795229e-01
-8.272818598363494980e-01 5.617870810064170550e-01
6.103390132450314809e-01 7.921403214778814927e-01
2.857254471898900139e-01 -9.583115197200425817e-01
9.057442942117955864e-01 -4.238245786912037683e-01
-4.015282035559021301e-01 9.158466584255086085e-01
9.069261594556379258e-01 4.212896168849249445e-01
-9.468077229846905141e-01 -3.217998379374138462e-01
-2.887375949907293737e-01 -9.574082730157336130e-01
6.330255635310653162e-01 7.741308906872127471e-01
-8.158158726907420721e-01 -5.783117341588729365e-01
2.504195186910370130e-01 9.681374203379132792e-01
9.371923913619053526e-01 3.488128747241896477e-01
7.050530038570582692e-01 7.091546106119165360e-01
-4.026622875133208379e-01 -9.153486123955941745e-01
9.916580804456761600e-01 1.288962818967122614e-01
6.262850786689876381e-01 7.795941253220037837e-01
2.939489565082134548e-01 -9.558211187077487736e-01
9.214895989425239131e-01 3.884030368582954695e-01
-2.564953588541817320e-01 -9.665454624001215134e-01
6.494602926871670956e-01 -7.603955077607305046e-01
7.543931673932808835e-01 -6.564228431356827764e-01
-3.325827071273322333e-01 -9.430740919566473757e-01
-5.850309470042459603e-01 -8.110109685123346734e-01
7.691652695037901610e-01 -6.390499105618918652e-01
9.932151843594450025e-01 1.162910037699979166e-01
7.125639045449370101e-01 -7.016072134318988018e-01
2.962739324739322444e-01 -9.551030085474716547e-01
9.921645104739089671e-01 1.249383214072791182e-01
9.478577163621274559e-01 3.186938178452363712e-01
-6.854409395313887376e-01 -7.281282293760674706e-01
6.458834627495317893e-01 -7.634360173234387981e-01
-6.457531426145357578e-01 7.635462519084557087e-01
-7.499855166589052269e-01 6.614542499688658150e-01
7.373269611367677667e-01 6.755360481727228361e-01
-6.057786511505505178e-01 -7.956332231689547951e-01
3.458613642365266361e-01 9.382856264104488808e-01
-7.709600363263171552e-01 6.368835234073212392e-01
-6.019922506767190207e-01 7.985019286922094839e-01
-6.579803549301319054e-02 9.978329612341235721e-01
-9.237925062746216165e-01 3.828934647533870361e-01
8.864765602037933956e-01 -4.627734955777504378e-01
-8.601598691877877512e-01 5.100245086648755866e-01
-7.458567797557825729e-01 6.661063459330904823e-01
-9.961099909337262082e-01 8.811859033150661047e-02
-7.668806777657305451e-01 6.417897054873766827e-01
-9.896008722376138378e-01 -1.438405842123628153e-01
9.054041347727673772e-01 -4.245507657941232638e-01
1.219237376739524675e-01 9.925394713519523071e-01
-4.587296196057780717e-01 -8.885759033961804221e-01
-5.053132382838488867e-01 -8.629359948542477676e-01
-4.036202510793004405e-01 -9.149266052086815204e-01
-9.974967395919945856e-01 -7.071247770613443839e-02
-3.724377036976430633e-01 -9.280571948239110247e-01
6.725677678403731985e-01 -7.400355381076085814e-01
9.457142978060232297e-01 3.249991798839813040e-01
-9.920489404992323124e-01 1.258526902944491210e-01
-8.877048158959994772e-01 4.604130317823873497e-01
-3.983167778838909295e-02 9.992064038248362756e-01
-8.540802926679820217e-01 5.201411862909667283e-01
-2.838191728540964132e-01 -9.588778217898339395e-01
-4.692767566862871553e-01 -8.830511455368816875e-01
-5.471719671104510185e-01 8.370202138589482033e-01
6.977197673831913027e-01 -7.163708021707372309e-01
-7.670262015920406018e-01 6.416157776047018979e-01
-5.063750036144509803e-02 9.987170988609059830e-01
9.081798156831044633e-01 4.185802460530147484e-01
-7.415227613906840709e-01 -6.709277117093426224e-01
-6.284306115808222515e-01 -7.778656480576537913e-01
-3.196174314711396902e-01 -9.475466729928354592e-01
-8.585151822913446029e-01 5.127881451196580898e-01
9.831058477948246832e-01 1.830379524350591314e-01
-9.985016428290460766e-01 -5.472174401182919312e-02
7.592500179723599141e-01 6.507990551690829850e-01
6.998186406139256244e-01 -7.143205654671277438e-01
-8.819526645236293039e-01 4.713379865231220878e-01
9.512770796952479957e-01 -3.083373439051467768e-01
9.998134062429281377e-01 -1.931716068457342214e-02
5.396000797235657176e-01 -8.419214654362491279e-01
-9.740945858021708981e-01 2.261409691119614929e-01
-9.386569112837284123e-01 3.448524364119978092e-01
9.064189289946935624e-01 4.223798351722211075e-01
-6.364879494852736519e-01 7.712866459106054728e-01
9.208946294247672970e-01 -3.898115974373013159e-01
-7.627392388169474957e-01 -6.467061570519825331e-01
8.415964290341330090e-01 -5.401068881591823967e-01
-5.554568464289206808e-01 8.315453636183887109e-01
-8.994679397193282577e-01 4.369867565694260936e-01
3.587742410309610053e-01 -9.334243643556010550e-01
9.776974949407791771e-01 2.100181144247449672e-01
9.615295769740406229e-02 9.953665700263601979e-01
-6.284778672088201512e-01 -7.778274682914280147e-01
6.086133404700484473e-01 -7.934669506676941264e-01
-8.548526923690268342e-01 -5.188707684476220328e-01
-9.714379704484098488e-01 -2.372936357576290178e-01
-6.770113170765197363e-01 -7.359726058423072814e-01
-9.512538195580144684e-01 -3.084090964551602920e-01
9.810066503828385187e-01 -1.939741011182767871e-01
-7.497567724347896645e-01 6.617135197259966795e-01
7.709279445581411760e-01 -6.369223691309323643e-01
-9.134612905516250603e-01 -4.069256328418738300e-01
6.235730280549984794e-01 7.817651045437623569e-01
8.471124829532102884e-01 -5.314136253661991827e-01
7.412847497632456539e-01 -6.711906731834422768e-01
-6.413656346795393315e-01 7.672353763038509689e-01
-5.964840139414842035e-01 8.026249566966225935e-01
5.663883652843286765e-01 -8.241384711749270009e-01
9.408666319559052527e-01 3.387771846980714985e-01
-9.681815323416171903e-01 2.502489169459845564e-01
2.733239452040287509e-01 9.619220451669173721e-01
7.502144203913075904e-01 6.611946184270818261e-01
-5.870511992956132241e-01 -8.095498066243868029e-01
-9.137863768492738847e-01 -4.061950978097553233e-01
7.299369808851446928e-01 6.835144504224324180e-01
8.628039467810155738e-01 -5.055386725257547953e-01
-7.077532331509703845e-01 -7.064597376810289875e-01
-2.025967426624560863e-01 -9.792622528529130177e-01
-8.349879075255957073e-01 5.502682930044465737e-01
7.409224208553321089e-01 -6.715906240217133227e-01
-9.105945276888917084e-01 4.133008663710305286e-01
-4.715275972123249004e-01 8.818513055312507953e-01
8.707693527945769008e-01 -4.916917064927106562e-01
-8.668806112680454978e-01 -4.985158029667059454e-01
-9.422787328359316650e-01 -3.348294933919517824e-01
7.670290793098234472e-01 -6.416123373916094996e-01
4.077239846511941379e-01 -9.131052252288082149e-01
6.000697095068328046e-01 7.999477131240424477e-01
8.629317831123276550e-01 -5.053204307116214711e-01
-7.901353298011251081e-01 -6.129324274339439382e-01
-9.916155242534955283e-01 -1.292232643894478117e-01
-6.354292447172343872e-01 -7.721590995112891376e-01
-6.460254129618403507e-01 7.633159017127074675e-01
9.774727930371578388e-01 2.110614575713374852e-01
-8.831263971670453294e-01 -4.691351261915417958e-01
-2.779799941541753472e-01 -9.605868637713326219e-01
-8.636054842062540482e-02 -9.962639487989560783e-01
8.853173673361309781e-01 -4.649872676676448102e-01
9.458088540025425539e-01 -3.247239007070423789e-01
7.872759261329506097e-01 6.166008564148324211e-01
-6.515120492249066864e-01 7.586382864809571025e-01
-8.635033651656877085e-01 -5.043430760380603894e-01
-7.787167951276084965e-01 6.273756075798501142e-01
-8.968438470436065901e-02 9.959702360714400848e-01
9.531197769197716774e-01 -3.025932762709783730e-01
-6.352770406463239539e-01 -7.722843269338366401e-01
-9.049845147244527377e-01 -4.254445064975533319e-01
7.484497783955449401e-01 -6.631914725172962655e-01
-5.523713988818351739e-02 -9.984732637266624522e-01
4.117068264852839499e-01 -9.113163495874615494e-01
9.996265978418357179e-01 -2.732516948084487418e-02
9.480222697604707982e-02 -9.954961264416762878e-01
-8.428263968863893840e-01 -5.381855300094070538e-01
8.944144961869113786e-01 -4.472389842251159320e-01
5.418438350176758567e-01 -8.404791838310676777e-01
-8.093903555144790207e-01 5.872710212501083271e-01
-4.818411648350666154e-01 -8.762585759183109113e-01
8.202816547042121043e-01 -5.719597948769823414e-01
8.406215605363377419e-01 5.416229241469125988e-01
-8.429639393903317623e-01 5.379700706243172315e-01
-6.968589355559532406e-01 7.172082151898593327e-01
-5.644627808684816728e-01 8.254585204686061273e-01
-6.511864182180510108e-01 7.589178142120170945e-01
5.216387389877290975e-02 -9.986385383410121275e-01
-1.264640031152126920e-01 -9.919711971201964351e-01
-9.809446513021009562e-01 -1.942873930078830580e-01
9.488307876110934069e-01 3.157849529051566795e-01
9.999787340762135157e-01 6.521609872821470741e-03
-7.140617283822990879e-01 7.000827437236853967e-01
-6.915568360390631497e-01 7.223220490388205794e-01
-3.827233062473080483e-01 9.238630152003755036e-01
-5.600695695438864252e-01 8.284455789434365114e-01
9.027299004381706959e-01 -4.302077717276741042e-01
-9.247414064847464532e-01 3.805960209101154623e-01
-3.889010395522848329e-01 9.212795349052057547e-01
7.926240471818365441e-01 6.097106853492776368e-01
-6.163330016252011045e-01 7.874856386675694875e-01
3.700380416946913442e-01 -9.290166024882212659e-01
-7.715050215113073984e-01 6.362232326651054981e-01
-2.682639107963466496e-01 -9.633454594091620526e-01
-3.960389352292620901e-01 -9.182337184957173326e-01
9.788961012821255636e-01 -2.043585645248429672e-01
-6.200497229685236755e-01 -7.845625157032783958e-01
9.705694853254770438e-01 2.408212493843486790e-01
-6.554507889269132193e-01 7.552378852355640104e-01
-2.367624109238052610e-01 9.715675791078802748e-01
-9.225605607165444644e-01 3.858523186536205185e-01
4.935329855593438286e-01 -8.697270791259062994e-01
-9.842764858235423242e-01 1.766346496439981650e-01
9.590841579298692299e-01 -2.831211366322792800e-01
-4.248898409323532688e-01 -9.052450624402650359e-01
-6.076099458181868362e-01 -7.942355782403732745e-01
-9.233699357685288822e-01 -3.839113982663484581e-01
9.716771738903154376e-02 -9.952680215386231488e-01
-3.637383550122385567e-01 -9.315011589327146790e-01
-5.080165810604473364e-01 8.613472896385371280e-01
9.716527276413898795e-01 -2.364127256876139560e-01
-4.679832025078221602e-01 -8.837373604021291351e-01
-1.623812141454798186e-01 -9.867280989678158809e-01
-5.722099098484920709e-01 -8.201071997435340766e-01
8.992111577137852363e-01 -4.375149069952179448e-01
9.408062058600812350e-01 3.389449557305112548e-01
6.376612980229733330e-01 -7.703168627283560888e-01
9.257401577729738040e-01 3.781602309689237051e-01
-7.429614879629746760e-01 -6.693341672168265921e-01
-1.970214584715495598e-01 9.803991763061327136e-01
9.096767245613534003e-01 -4.153170557433532029e-01
-5.396118328197622160e-01 -8.419139325850930611e-01
7.704033292885346107e-01 -6.375568290130236848e-01
-7.142787022803688268e-01 -6.998613687500350178e-01
-4.066986444933260239e-03 9.999917297764301383e-01
-5.894012506975143673e-01 8.078404333011599547e-01
8.864504512934466840e-01 4.628235056710545692e-01
-9.984890254597534875e-01 -5.495148802745652983e-02
7.750414564865236722e-01 -6.319103897921350965e-01
5.873835129497205765e-01 -8.093087227472872680e-01
8.926063623110908063e-01 4.508368684588267006e-01
-6.769329248279538636e-01 -7.360447101120093372e-01
-9.565096307642781959e-01 -2.917007477796105808e-01
-9.699904974929929313e-01 -2.431428279289688243e-01
9.004048380710898414e-01 -4.350530169739941777e-01
-9.881561425206375482e-01 1.534517448539883810e-01
3.107440467310692567e-01 9.504936282906893963e-01
-9.854508062135793889e-01 1.699609029541989669e-01
9.697199235188864730e-01 -2.442197165065203568e-01
-8.645388642339278951e-01 5.025659680371423743e-01
-2.630754640418114798e-01 -9.647752589174255489e-01
2.651017659994713283e-01 -9.642204383147878755e-01
7.809073329741599290e-01 6.246468900964643467e-01
7.068274651511950724e-02 9.974988467888469268e-01
9.060016701727310329e-01 -4.232741117103927531e-01
-5.232853624725406494e-01 8.521575144431818849e-01
-2.152705438112675462e-03 9.999976829269640044e-01
-6.277044880928227544e-01 -7.784517169536767645e-01
-4.753746602096665108e-01 8.797834576931666817e-01
-3.659183096075939168e-01 -9.306469742571138459e-01
9.548174697068174677e-01 -2.971928659013718388e-01
8.141875512926483038e-01 -5.806019560077981811e-01
7.780947031512575052e-01 6.281469835380542044e-01
5.356983885202469819e-01 -8.444094010234671766e-01
-4.623626760386136958e-01 8.866909020658844121e-01
-4.366559493676924059e-02 9.990462030450932840e-01
-8.089267387566690948e-01 -5.879094584410934354e-01
8.867343319595487605e-01 -4.622793792981176320e-01
9.553134822785951386e-01 -2.955945712910577616e-01
-9.729217715967540814e-01 -2.311346498321564524e-01
5.680441629358561340e-01 8.229980734816468857e-01
8.104160336139767384e-01 -5.858548049315543960e-01
-4.143434227735243169e-01 -9.101206117896245562e-01
-9.852527914933373321e-01 -1.711050462569304875e-01
9.299571357352029999e-01 3.676679557633180107e-01
5.597707642561309260e-01 -8.286475073782018086e-01
-5.526019958204146931e-01 8.334452796766529392e-01
-1.035567157427854240e-01 -9.946235502060907230e-01
-8.905642311991112114e-01 4.548575052791104523e-01
7.606828645118102195e-01 6.491237013375086295e-01
7.168507158148664793e-01 6.972266856881724761e-01
3.881789727159251080e-01 -9.215840087269359104e-01
-8.446692819282335396e-01 5.352885242248729414e-01
-4.121235302403639111e-01 -9.111279799359801590e-01
9.164250986039507163e-01 4.002062451396021237e-01
-9.482806088266929612e-01 3.174332794829121118e-01
2.061894287731062536e-01 -9.785120946938878905e-01
-9.944332242497103680e-01 1.053686979530696205e-01
6.189192822693552198e-01 7.854545957820771029e-01
-6.784069655346109951e-01 7.346863202170851315e-01
8.054137628316527797e-01 -5.927129749223972732e-01
-9.146703218310204830e-01 -4.042006956470232670e-01
-6.401004447698132038e-01 7.682912342370485925e-01
-8.653363081423258718e-01 5.011916537718977827e-01
5.140257611968246376e-01 -8.577747471370470445e-01
7.772650265409817294e-01 6.291733294699060064e-01
8.114983456594657141e-02 9.967019134876382580e-01
8.969241382731580892e-01 4.421844526698704425e-01
7.322409638140345844e-01 -6.810456452490492030e-01
4.398888325665227805e-01 -8.980522339949172927e-01
5.100740712987950065e-01 8.601304795138187131e-01
9.737683778304103699e-01 2.275415266221336164e-01
-7.992880819596174247e-01 6.009480526945039092e-01
4.376776393486558892e-01 8.991319614017666551e-01
7.156250524906053734e-01 6.984846342245608630e-01
-5.373103442533115892e-01 -8.433846061900749369e-01
-5.251447668690091275e-01 -8.510129104955423962e-01
7.180665941409674069e-01 -6.959744006634087654e-01
9.975376278322126700e-01 -7.013330919671401098e-02
3.891932829505367342e-01 -9.211561151651677104e-01
2.409535325990027899e-01 9.705366531605394975e-01
-8.207688812422725411e-01 5.712603991038659457e-01
-1.224579868122574050e-01 -9.924736981229724808e-01
-2.604113953275387083e-01 -9.654977499629735505e-01
-9.904718088491049066e-01 1.377156340986102068e-01
9.756846529049489902e-01 -2.191790548518477433e-01
-1.643472975738347885e-01 -9.864025373954475873e-01
7.577836438703636768e-01 -6.525058996534467415e-01
-2.085615950927886264e-01 -9.780092336232576455e-01
8.511463019361353854e-01 -5.249285405657050374e-01
-8.616073566505958459e-01 5.075753766344196505e-01
-9.015195880343098711e-01 -4.327382954979236973e-01
5.987898552183387180e-01 -8.009061800782916185e-01
1.795661371527330352e-01 -9.837459033653180862e-01
9.993153039089126555e-01 3.699896449141960864e-02
-7.473077034268983398e-01 6.644781383904325711e-01
6.181571496634722385e-01 -7.860545390238082852e-01
1.351961656345205542e-01 -9.908188516564081505e-01
1.952577403971591796e-01 -9.807519639618346163e-01
-2.271916905797985997e-01 -9.738500581360013397e-01
-2.074513296975163401e-01 9.782453402939020881e-01
8.176055940781070674e-01 5.757786836382409179e-01
-4.592060815948436625e-01 -8.883297668244093392e-01
9.989475855877593125e-01 -4.586634112708579125e-02
8.710303312454543700e-01 4.912292357448139191e-01
5.768237414908381488e-01 -8.168686376967294605e-01
-4.904343961491566262e-01 -8.714781139385040509e-01
9.942443741291683290e-01 1.071360094109272271e-01
-1.937249180339980503e-01 9.810558883838987887e-01
-7.703352604669518877e-01 -6.376390722668376920e-01
9.457203946589904930e-01 3.249814381253849360e-01
-9.982469627106778098e-01 5.918615918360118494e-02
-7.865703100177062757e-01 -6.175007266381550286e-01
-2.885344147864393194e-01 -9.574695250940611357e-01
-9.602632754243699553e-01 -2.790957575300289095e-01
-3.696109229130499774e-01 -9.291866150905120358e-01
-7.339229848590003158e-01 6.792326937770706285e-01
9.765566329527801681e-01 -2.152606388449334884e-01
6.573394063002337973e-01 -7.535946555840590255e-01
-5.896725806878380105e-01 8.076424008092597528e-01
-2.371146814332655284e-01 -9.714816662442998796e-01
8.689066392070620148e-01 -4.949760118853118174e-01
-7.019517053030422948e-01 -7.122245456470528424e-01
-1.930505150952713592e-02 9.998136401281063623e-01
9.967481822937674929e-01 -8.057953272432454017e-02
9.489528164966285484e-01 -3.154180591898885222e-01
9.123616970198449305e-01 4.093850678897174022e-01
-9.412269284909331457e-01 -3.377748792961430824e-01
-3.084254818036226142e-01 9.512485070549142607e-01
5.474981453327146808e-01 8.368068957992862433e-01
-2.699717807852967111e-01 9.628682347962340682e-01
9.266916070128381477e-01 3.758226516483055279e-01
-1.259790682978904064e-01 9.920328998328611370e-01
4.308421649893353633e-01 -9.024272983832560824e-01
2.704581689157907198e-01 -9.627317273605963122e-01
-5.484675148804515343e-01 8.361718633874629658e-01
1.217098196765053625e-01 -9.925657256798223749e-01
5.423037625882034529e-01 -8.401824974865147455e-01
-8.811939080101336419e-01 4.727550068331672906e-01
3.650084606817052268e-01 -9.310042017256270341e-01
-3.142345700944606524e-01 -9.493453717997205610e-01
-4.679073913086559400e-01 -8.837775020664015990e-01
-4.366133932013480656e-01 8.996492343559266969e-01
8.913282889892708560e-01 4.533584467586978528e-01
4.077047790665646598e-01 -9.131138007533801115e-01
1.394670065046978713e-01 9.902267185329926003e-01
4.999794108987377639e-01 8.660372905812723232e-01
3.619086510263282985e-01 9.322135636817902027e-01
3.904671420479715604e-01 -9.206168643800139995e-01
9.608982858548539285e-01 -2.769015786181138750e-01
3.079905921261036350e-01 -9.513894024855500398e-01
-9.543864053806830894e-01 -2.985742608205508297e-01
4.789560235064341254e-01 -8.778388961232603815e-01
9.787337301983581872e-01 2.051347980524208248e-01
8.890215389286263425e-01 -4.578653768532590651e-01
9.711660475658733249e-01 2.384040856513990614e-01
2.592851145932671408e-01 -9.658008228151166996e-01
-8.633726713275105547e-02 -9.962659666494926292e-01
-3.298322348095877321e-01 9.440395631966453927e-01
-9.874050536030231084e-01 1.582127053027378993e-01
-2.990302935733100687e-01 -9.542436185406010241e-01
3.378876276196899342e-01 -9.411864592638048421e-01
-1.426072149868177485e-01 -9.897793603797279127e-01
6.487189527993020288e-01 7.610280679968228768e-01
-6.540919608483722891e-01 -7.564150360440566878e-01
-9.987058005322245746e-01 5.085984647330746983e-02
4.058113237202694012e-01 9.139568750988215085e-01
1.167663833170977661e-01 -9.931594090210517090e-01
8.426341057157523684e-01 -5.384865493999031472e-01
8.677284737464475706e-01 4.970385255185565954e-01
6.853035224588180929e-01 7.282575657729456475e-01
5.477738800934467411e-01 8.366264257644330238e-01
8.199626359645592055e-01 5.724170469352322099e-01
-9.367319633793732558e-01 -3.500474664719406270e-01
-9.855136413673601936e-01 1.695961753072462164e-01
-1.626441856350744619e-01 9.866847869908117463e-01
-9.999481709873755397e-01 1.018112660771528649e-02
5.366468977404876828e-01 8.438069134259985615e-01
-8.964322107934713513e-01 4.431808789331159182e-01
6.975251809374023448e-01 7.165602709878939880e-01
-9.979724086761749824e-01 6.364802841466088434e-02
-8.529954055378533573e-01 -5.219184209541881669e-01
-8.885283591114789825e-01 4.588217029028406890e-01
-1.018894469610792664e-01 9.947957280758525922e-01
-3.153341274076538331e-02 -9.995026982859628317e-01
9.884868106212548744e-01 -1.513070561071738762e-01
-8.915372023022174464e-01 -4.529474769894792363e-01
9.477877675356168874e-01 -3.189017837984784443e-01
-6.314645190774168526e-01 7.754047724552167731e-01
7.051726510268948589e-01 -7.090356353835124414e-01
9.783003755235396559e-01 2.071916389493098920e-01
-9.286760601581897090e-01 3.708918646843881173e-01
9.325680006853899195e-01 -3.609943546617516708e-01
-5.255438012955655491e-01 8.507665443115444148e-01
-8.145261152390778081e-01 5.801268892178127468e-01
-3.713484445178976134e-01 -9.284935825056293002e-01
9.234499080980577146e-01 -3.837189951431757007e-01
7.277217973362536396e-01 -6.858724266812981085e-01
5.582117313750699639e-01 -8.296985373949062881e-01
5.206827734610662561e-02 -9.986435272379273753e-01
-8.824200751282901267e-01 -4.704623375049090117e-01
6.511141970104368237e-01 7.589797773666003833e-01
7.980936551755831720e-01 6.025334161426049162e-01
9.434904558896264337e-01 -3.313996977143835454e-01
-9.658795308665594215e-01 2.589917602028972143e-01
-3.227069249844625731e-01 -9.464989384923114812e-01
-7.930736429369613649e-01 6.091257644187256792e-01
9.160784262428244284e-01 -4.009991483438214432e-01
2.015285697814214183e-01 9.794826366821695052e-01
-7.711803941528579953e-01 6.366166819006885413e-01
9.977738739411420310e-01 -6.668805350650214292e-02
-6.949959284050764019e-01 -7.190136712889165782e-01
-6.098955911358040494e-01 -7.924817776536619007e-01
9.922860472574533963e-01 -1.239693527375987925e-01
-9.137811147990365646e-01 4.062069352394542254e-01
9.955452912193755166e-01 9.428453282977346250e-02
6.020142688491770810e-01 -7.984853286704716169e-01
-9.106140283221023646e-01 -4.132578994078557888e-01
8.530419466029492970e-01 5.218423491207386800e-01
-1.856729326161731253e-01 -9.826116028694705795e-01
-5.839993080999047459e-01 -8.117541549871073459e-01
3.891491412698268593e-01 -9.211747640100418355e-01
-6.955915857752957843e-01 -7.184374334614039848e-01
7.351614516188792470e-02 9.972940270554797593e-01
7.926229401872987301e-01 6.097121244397570861e-01
1.458977172627810848e-01 9.892996796206442456e-01
-5.901387218630763654e-01 -8.073018573977237544e-01
-6.514439800163289718e-01 7.586967384274727610e-01
9.993561164292729115e-01 -3.587969558680096510e-02
-6.387555889969156464e-01 7.694097071945501520e-01
5.464274026170882204e-01 8.375064738073028092e-01
-7.862398806600762180e-01 6.179213947255984829e-01
-9.866558237859466285e-01 -1.628197942182552371e-01
-8.918539964250584706e-01 -4.523233899110811196e-01
1.448360026856522487e-01 -9.894556747656975126e-01
2.850803478440844946e-02 9.995935633810029142e-01
-5.496501619715036258e-01 8.353949362096348974e-01
2.806361373553638572e-01 9.598142311980278896e-01
9.884345790923685371e-01 -1.516478910321286400e-01
2.771353456556155392e-01 -9.608308905256650601e-01
-9.756636300388892291e-01 2.192726180336647956e-01
-5.326989382490623370e-01 -8.463048157657628856e-01
-5.018351950657718996e-01 -8.649632575972800996e-01
-8.204708785437758722e-01 5.716883219566452068e-01
-5.654244115602283793e-01 -8.248001180963601131e-01
-9.768609337691933070e-02 9.952172763576583314e-01
9.860742589804077918e-01 -1.663056095753825681e-01
8.737777669202412278e-01 4.863254198948236406e-01
-5.591441023000941479e-01 8.290704872705467743e-01
9.574317662777549476e-01 2.886596835761074953e-01
-9.889874932897027016e-01 -1.479991152559712864e-01
-9.387000793476413252e-01 -3.447349141481491630e-01
5.672029167762200341e-01 -8.235780783875615851e-01
-9.469303907741940529e-01 3.214386955987595940e-01
-9.618329972924467564e-01 2.736371417030736830e-01
-8.331004062177980174e-01 -5.531217887226466123e-01
2.287555943746465981e-01 -9.734838868940266510e-01
-6.335460611802785635e-01 -7.737049750149954663e-01
-1.337441031061497865e-01 -9.910159004195298049e-01
7.440440491508152343e-01 6.681305657753274785e-01
8.829433818225330688e-01 -4.694794825077968636e-01
-9.470313962149737863e-01 3.211409886375721778e-01
6.376866283131868984e-01 -7.702958938424632196e-01
-6.319331703803157119e-01 7.750228823545037837e-01
-9.479393452404298870e-01 -3.184509345961243354e-01
-9.213296711415353002e-01 -3.887822489186336661e-01
-9.050762994243535253e-01 -4.252492118985262137e-01
1.778472792649617717e-01 9.840581005499882128e-01
9.805731255901530830e-01 -1.961538818641058446e-01
8.726017850075723503e-01 4.884323134289936252e-01
-4.479445157584026616e-01 -8.940613574033775546e-01
-8.719524046286450947e-01 4.895906494841619216e-01
9.755068705194400724e-01 2.199689650140864150e-01
-6.808624170691751631e-01 -7.324113386770583212e-01
4.028649187832835099e-01 -9.152594480330363824e-01
-6.751406749168944454e-01 -7.376890056607596780e-01
6.948098240679690951e-01 7.191935124697926840e-01
7.470160081723901113e-01 -6.648060495619662058e-01
7.805171367969292451e-01 -6.251343848856208973e-01
-8.839442806789945539e-01 -4.675922461449664169e-01
9.999068576826286581e-01 1.364829510419807504e-02
8.891055045209643737e-01 4.577023069971587477e-01
6.656277946378433841e-01 -7.462838863365339748e-01
-9.956353469712871940e-01 9.332875152579987732e-02
-9.545603371116310187e-01 2.980177223141759479e-01
-1.777602112579046989e-01 -9.840738322369644298e-01
6.969126063368656920e-01 -7.171560633005599206e-01
-8.789642389135517986e-01 4.768876877327833386e-01
-9.833263630960350499e-01 -1.818495632118060090e-01
7.964319175841361176e-01 6.047282039505481599e-01
7.205934074224455699e-02 -9.974003466070145985e-01
9.998477378787201664e-01 -1.744995870499378710e-02
8.298994626855780155e-01 -5.579129697669602539e-01
6.974821919008897253e-02 9.975646274401530622e-01
1.201218017847507091e-01 9.927591614968782618e-01
-3.208014971317869057e-01 -9.471464508923654879e-01
4.820755635523639726e-01 -8.761296428187271834e-01
9.990765442347142589e-01 4.296578592346546321e-02
7.797339760443940948e-01 -6.261109539067339913e-01
-8.000044524883388464e-01 -5.999940633029907655e-01
6.609471608920231001e-01 7.504324423349340023e-01
-9.345641112924767402e-01 -3.557947749533478810e-01
-6.486042884980141032e-01 -7.611257957407466801e-01
2.840223808824290930e-01 -9.588176506290840839e-01
6.880069084647459920e-01 -7.257041366182106490e-01
1.423747805643309772e-01 9.898128216280382974e-01
9.742003753483915451e-01 -2.256847993796940455e-01
8.686969512694852069e-01 4.953439278472097640e-01
-3.867173052153033974e-01 -9.221983115615718374e-01
3.318733426949894150e-01 9.433239551757679475e-01
5.914182458297245759e-02 9.982495903254842151e-01
-9.233775542666180502e-01 3.838930740148861487e-01
-1.692152915311689598e-01 9.855791115440818428e-01
-7.459532541874324130e-01 -6.659983052284591531e-01
5.900940055650074623e-01 8.073345431704536113e-01
-6.317388027186974231e-01 -7.751813240394447302e-01
-8.323254765968340907e-01 -5.542872008335145706e-01
9.960425237964216638e-01 -8.887795446146794232e-02
-7.761845168340065770e-01 6.305058253713121674e-01
-9.468251688065372207e-01 -3.217485038263152020e-01
7.172248179515135214e-02 -9.974246265283126522e-01
-9.980553663621000160e-01 6.233366406536761800e-02
9.351480786208025142e-01 -3.542570691628063040e-01
9.973389830609911133e-01 7.290372327164044985e-02
-9.438090541144348311e-01 -3.304912546068587420e-01
1.662058728238015037e-01 -9.860910748196022313e-01
-5.869370208786059973e-01 8.096325916872089135e-01
8.830758201807753505e-01 -4.692303227755542649e-01
2.386352623462877909e-01 -9.711092686021064457e-01
7.879452317331693267e-01 6.157453303021972468e-01
5.655180900280124545e-01 8.247358909681745676e-01
-9.206149062443109710e-01 3.904717587749189089e-01
-9.510935490931263780e-01 -3.089029958958648403e-01
-9.264561368219457194e-01 -3.764027451347244924e-01
-4.202638115136625441e-01 -9.074019664580900146e-01
-9.798601916569236181e-01 1.996847635801417553e-01
-1.074050399133446021e-01 9.942153475989056188e-01
1.942670017961874995e-01 -9.809486897963217711e-01
-3.484010292158760680e-01 -9.373455727965638307e-01
6.789009651845860915e-01 7.342298546582244345e-01
-9.113936473142242312e-01 -4.115356845223453464e-01
-9.692150606559853943e-01 2.462156903968844290e-01
-5.722884838044793865e-01 -8.200523710744151984e-01
3.701874722376855553e-01 -9.289570686518687781e-01
5.713436155853514054e-01 -8.207109557754533880e-01
6.846928461002845800e-01 -7.288317408696550759e-01
-5.101608630858505133e-01 -8.600790043801208595e-01
9.305321352705786531e-01 -3.662102473017069260e-01
-9.421620378729603784e-01 -3.351577156967604498e-01
2.142649703542367223e-01 9.767755742641694994e-01
-6.781205027494418003e-01 7.349507355944643328e-01
-1.075838795028482842e-01 -9.941960112931034210e-01
8.686709951989237677e-01 -4.953894448816116292e-01
9.632832137497013281e-02 9.953496142065261232e-01
7.452605086071212304e-01 6.667734055214372679e-01
2.328779928634369389e-01 9.725059590768053708e-01
3.766166206181509879e-01 -9.263692142305700594e-01
-8.096665797051244562e-01 -5.868901342743848559e-01
9.861182515686038874e-01 -1.660445540307773638e-01
6.592741756836221212e-01 7.519026275234583778e-01
5.899296241129243779e-01 8.074546665875328433e-01
9.032414133609333318e-01 -4.291327873627738820e-01
-1.606722428563198413e-01 -9.870078167752877052e-01
-9.540277466810871410e-01 -2.997182986782880310e-01
-9.338253795492118536e-01 3.577291720139277875e-01
-5.401675331896044208e-01 -8.415575061086780773e-01
9.979353583371379788e-01 6.422632311231919744e-02
-4.597070708078963563e-01 8.880706103960561704e-01
-1.971002846993217747e-02 9.998057385200959102e-01
-9.497179604163236144e-01 3.131066841551905511e-01
9.999999480643263494e-01 -3.222907764773799851e-04
-9.682654416507036066e-01 2.499240574754015842e-01
-9.540645213516538714e-01 2.996012167833090323e-01
-5.275602692329675047e-01 8.495176056603175319e-01
4.539254672104086064e-01 8.910396569276880507e-01
3.144932994616878585e-01 9.492596929153270802e-01
-9.946679818252582850e-01 -1.031290741336684941e-01
9.999878966198875174e-01 -4.920021720784612668e-03
-9.925574372396871459e-01 1.217773943726197378e-01
-5.900514678563900661e-01 -8.073656329572863610e-01
-6.627811909409314639e-01 -7.488131228383493321e-01
1.412699670674893160e-01 9.899711088737641607e-01
-5.743566440826832764e-01 -8.186051828556167864e-01
-8.589953355981702066e-01 -5.119834112748058441e-01
-7.450725747241824237e-01 -6.669834018878411097e-01
5.516075752815789990e-01 -8.341037602672566331e-01
8.890972048352349111e-01 4.577184291179156039e-01
8.620139103993877949e-01 5.068846202815355806e-01
-9.368641036271474487e-01 3.496936535525082546e-01
7.346618962703189704e-01 -6.784334146904166252e-01
3.100971772760628964e-01 9.507048651634313341e-01
5.483344821924567292e-01 8.362591079556207507e-01
8.088385539640000621e-01 5.880307760835526976e-01
9.577510329944407541e-01 2.875986070864766098e-01
9.043174893002789982e-01 4.268604907292778416e-01
-7.366178029791538018e-01 6.763092579095487666e-01
-3.585876719213995090e-01 -9.334960533103451308e-01
9.121652125659092114e-01 -4.098226750493313419e-01
-4.810837201770404858e-01 -8.766746569740789807e-01
-4.177757201626171035e-01 -9.085501899414289984e-01
-2.627535828717284527e-01 9.648629719748135214e-01
6.204784662959957758e-02 9.980731760390265661e-01
-6.808061275112115007e-01 7.324636624046192424e-01
-9.887638562747463888e-01 -1.494859074451244663e-01
1.245845983604714768e-01 9.922089889994748502e-01
7.682634280610327326e-02 9.970444890028925533e-01
-8.959480725186369510e-01 -4.441588132077753381e-01
-7.793026476193867236e-01 -6.266477347069995263e-01
1.111632539139573300e-01 9.938021588723083832e-01
2.834218513978419840e-01 -9.589953358334020184e-01
-8.705897818115846398e-01 4.920095850745773158e-01
1.249388658829452686e-01 9.921644419106560031e-01
7.093932813776459012e-01 -7.048128633447718894e-01
-1.134937359284668018e-01 9.935387118300923470e-01
-5.620186772961314192e-01 8.271245410277141552e-01
9.676845024364619796e-01 2.521640413387625235e-01
-6.623185075909162611e-01 7.492223932201582670e-01
4.516023707129197817e-02 -9.989797560449684699e-01
9.985613910478946531e-01 5.362040943981651042e-02
-8.804059186867007059e-01 4.742208539714660720e-01
9.658929008456933474e-01 -2.589418932808891793e-01
-3.109397753981622547e-01 -9.504296165815437902e-01
4.213711096160160929e-01 -9.068882996163128984e-01
-6.595145883694621958e-01 7.516917637754579884e-01
9.970075316939044363e-01 7.730447429242488788e-02
-6.881059612446477347e-01 -7.256102163693529672e-01
7.072783542250965505e-01 7.069351665072539648e-01
-4.760829958050731281e-01 8.794003531414271713e-01
-9.910056113005561995e-01 -1.338203212177085377e-01
-5.607392381003134529e-01 -8.279924557957519804e-01
-5.111381775420456020e-01 8.594985534944176164e-01
-7.645694096932872386e-01 6.445414011227348361e-01
7.709918949520796483e-01 6.368449559494063772e-01
1.245415384938682729e-02 -9.999224440184827367e-01
-4.474588647153906473e-01 8.943045143504608774e-01
8.388219442806855719e-01 5.444058649511136494e-01
-7.882627151262580067e-01 -6.153388431927403479e-01
-9.892720966340494693e-01 1.460846289698952971e-01
4.216154181882247887e-01 9.067747455382557664e-01
-9.914335863386155578e-01 1.306118060504141420e-01
-2.260407047028777372e-01 9.741178572521018708e-01
5.256672631150478836e-02 -9.986174138702424985e-01
-6.308332371789261428e-01 7.759184408624122398e-01
-6.599769908230759263e-01 7.512858121807688416e-01
-7.557775379052478204e-01 -6.548284608948221619e-01
-6.813714771022802985e-01 7.319377775408623110e-01
5.108783064922715056e-01 -8.596530439401635082e-01
-6.499401854946909030e-01 -7.599853651743083693e-01
-6.443423069788215551e-01 7.647372041670328358e-01
7.584912245160380095e-01 6.516832530702022508e-01
-9.101342433232938456e-01 -4.143134793008012018e-01
9.993767307786494136e-01 -3.530084953905571199e-02
8.587781530440429245e-01 -5.123476201313541534e-01
-6.373015679736179218e-01 -7.706145024967853141e-01
7.336008648944579713e-01 6.795805846447523502e-01
9.964724203690508153e-01 8.392088800677513505e-02
9.928830992964269297e-01 1.190930356130103646e-01
-1.560065546183632967e-01 -9.877560199341270941e-01
9.940550047775208453e-01 -1.088790497605623686e-01
-8.792321052920779589e-01 -4.763936450286258006e-01
6.524224224907008152e-01 7.578555156699497974e-01
-5.634226782311553272e-01 8.261687997345530388e-01
-7.401847885316391595e-01 -6.724035089337151438e-01
-1.345730500949442743e-01 9.909036755346826153e-01
-9.632887444141140509e-01 2.684674931627286099e-01
-9.336801980700951686e-01 3.581079274908444132e-01
3.805646808984728402e-01 -9.247543044791105560e-01
8.819961997090823846e-01 -4.712565158156822309e-01
-2.263555721794547060e-01 -9.740447397031164467e-01
-9.039414948532815686e-01 -4.276561397693415256e-01
-2.713966960391399619e-01 -9.624675752351549152e-01
2.205463419694282945e-01 9.753764970737729412e-01
6.753598559989013594e-01 -7.374883489962017480e-01
-8.031649894957680613e-02 9.967694116476902844e-01
-9.750794009415624242e-01 -2.218561738141264783e-01
-9.545514650805095869e-01 2.980461382280478189e-01
5.283180233019310057e-01 8.490465630660902763e-01
-3.189927382843383841e-01 9.477571592564519865e-01
-9.770165144891523878e-01 -2.131636235746327546e-01
-1.746911008945471466e-01 -9.846232879981312580e-01
7.968516895189596827e-01 -6.041749621680623239e-01
-5.792792775408002193e-01 -8.151291422908450990e-01
-1.346072141332384786e-01 -9.908990351712371192e-01
-3.065046624589933266e-01 -9.518691569175348199e-01
-5.356554726829491075e-01 -8.444366255586065462e-01
4.327574664895487699e-01 9.015103855184072312e-01
-8.786357728972736814e-01 -4.774925953197708406e-01
-8.004251535888221580e-01 5.994327097367228019e-01
9.864941863210713313e-01 -1.637962769867717938e-01
6.581834020925547701e-02 -9.978316221147226495e-01
2.234560005066673835e-02 9.997503059056174202e-01
8.474028756993160494e-01 -5.309504367231743238e-01
-4.384965219846194140e-01 -8.987328859051459951e-01
1.359300042760435701e-01 9.907184433215698860e-01
-6.632671008331629814e-01 -7.483827583211485335e-01
-4.739429598435396240e-02 9.988762589571079653e-01
-8.603469582331489951e-01 -5.097088496965381799e-01
-5.559878239070745742e-01 -8.311904352596195533e-01
9.796966448825894513e-01 2.004856204464487424e-01
-7.658979065242339512e-01 -6.429622047848504440e-01
-6.312030218219729649e-01 7.756176540298769240e-01
9.544452084245347301e-01 -2.983862331198382511e-01
-3.069444268307380819e-01 -9.517274393635762886e-01
7.035476277225287678e-01 -7.106481094930190423e-01
-4.216637876335972424e-01 -9.067522540355157368e-01
-4.475072539342074829e-01 -8.942803015141643774e-01
3.207743603903037005e-02 9.994853866351233185e-01
-8.757859056912010720e-01 -4.826997486975134199e-01
9.891200449134797124e-01 -1.471106275914692840e-01
-7.733825636719527941e-01 6.339395950784253442e-01
-1.404474562756012901e-01 -9.900881334637401388e-01
9.796987655672043660e-01 2.004752571917443604e-01
6.050927813617308360e-01 -7.961549635240141587e-01
-8.818063100008016741e-01 -4.716117382368362199e-01
9.393966373762240307e-01 -3.428322588179866237e-01
-6.947723836930491670e-01 7.192296815743067784e-01
-9.556238864849199155e-01 2.945895238793409532e-01
7.822673402338886639e-01 -6.229428612669041243e-01
-8.460231986371570256e-01 -5.331460844531765719e-01
2.584742552124934534e-01 9.660181465129663581e-01
2.090373162792968087e-01 -9.779076645587503336e-01
7.961524466454646953e-01 -6.050960929475919237e-01
9.200022049788406653e-01 3.919131827765828247e-01
-9.178613741055849928e-01 -3.969011185736408542e-01
9.879684362436070844e-01 -1.546556464742285253e-01
-8.209805871152953127e-01 5.709561065264343593e-01
5.358332345010282660e-01 8.443238388226202984e-01
-9.522546177675765833e-01 3.053049998613298066e-01
2.456996134848125624e-01 9.693460166181186999e-01
5.364532393594880766e-01 8.439300456677151230e-01
6.157118054585872802e-01 -7.879714288087650287e-01
-7.743091395756532824e-01 6.328075192107088798e-01
-7.505515811912364388e-01 -6.608118673051617264e-01
7.386500310215731169e-01 6.740891125599264289e-01
-9.557637301242274397e-01 -2.941354996919327003e-01
5.945449779187729211e-01 8.040623540693632165e-01
-7.008589167391364727e-01 -7.132999220715253719e-01
-9.691510303144625915e-01 2.464676052555701824e-01
5.787551047114253278e-01 -8.155013971603404244e-01
9.077792540449491909e-01 -4.194482398647005894e-01
-8.337794494443216964e-01 -5.520976631759311193e-01
-6.050402404734203099e-01 7.961948928546739301e-01
-3.183234570325503277e-01 9.479821605404008533e-01
7.844034031557887143e-01 6.202509984817576871e-01
4.642342514204689935e-02 -9.989218515970509360e-01
2.834220491325829538e-01 9.589952773947781894e-01
4.323507216555819710e-01 9.017055248161105485e-01
6.999596545138999648e-01 7.141823871062501494e-01
-8.015817021543194532e-01 5.978852521775259721e-01
-2.492147142198054555e-01 9.684482568606030961e-01
-6.197830414046919811e-01 -7.847732039176349428e-01
8.142984472668557405e-01 5.804464133568126849e-01
-9.790434734668537198e-01 2.036513615519379705e-01
5.768527918404653398e-01 -8.168481233043636269e-01
3.475400602232474045e-01 -9.376651356108008928e-01
-4.559565580023590692e-01 8.900020321407370316e-01
-9.984838502341408795e-01 -5.504544324106851877e-02
-7.221240045822180376e-01 6.917636316012434339e-01
7.745327444229913594e-01 -6.325338155518559491e-01
9.990472886658114948e-01 4.364074941486179721e-02
7.358926733973895074e-01 -6.770982005883955379e-01
4.659287245439267533e-01 -8.848222553964550929e-01
-9.999940245491374391e-01 -3.457002461565776737e-03
6.799674953499095231e-01 7.332422555114854745e-01
1.926625160156577310e-01 -9.812650788255518064e-01
9.573162291354732067e-01 2.890426221750664881e-01
7.857422485098912446e-02 -9.969082661855432903e-01
4.565256338383713031e-01 -8.897102593813749349e-01
-9.496222681239309127e-01 3.133967898418249520e-01
-8.333783739155332659e-01 5.527028911539196843e-01
4.148848132233867725e-01 -9.098739427836119997e-01
3.906802312873329797e-01 9.205264563722631577e-01
-5.655037636263513523e-01 -8.247457143413547964e-01
7.570724845567726735e-01 6.533308909940163112e-01
1.637902367766599400e-04 -9.999999865863791193e-01
-9.167657370564550323e-01 -3.994253163725789979e-01
3.306049329240695056e-01 -9.437692399767390050e-01
5.479461349392603792e-02 -9.984976466332063927e-01
-1.474039944071451058e-01 9.890763683522210137e-01
-2.984037234615649625e-01 9.544397402792248464e-01
-7.554441165492818966e-01 6.552130850121011818e-01
1.063664023891096738e-01 9.943270027726280880e-01
-6.989942377951364749e-01 -7.151273002264676437e-01
-4.247661455754532800e-01 9.053031103298898596e-01
-4.817067743824082204e-01 -8.763324617484483658e-01
-5.949404005430369846e-01 8.037698176727531285e-01
3.734250319409633256e-01 -9.276603610804391442e-01
9.231420873753601875e-01 -3.844589529667147842e-01
-9.113712528303113958e-01 4.115852761148151018e-01
-3.651466138329777511e-01 -9.309500257297972370e-01
2.884696220765979868e-01 -9.574890480517178615e-01
2.619622524570980882e-01 -9.650781203030164290e-01
9.652483818477256006e-02 -9.953305760466737429e-01
-7.906718050907249884e-01 6.122402278800166409e-01
8.862508017771784097e-01 -4.632056955061200076e-01
-4.622323772502972550e-01 8.867588338559355687e-01
-3.464550866744371405e-01 9.380665610272057586e-01
9.999679091816598975e-01 8.011279976346354081e-03
9.975016836372555540e-01 7.064270054889196238e-02
-2.253688373732471995e-01 9.742735176227622640e-01
-1.467440216477379766e-01 9.891745003338127118e-01
-9.458866406423782625e-01 -3.244972466050770610e-01
4.272155306425631238e-01 -9.041498163345459416e-01
-7.015498769918482314e-02 9.975361034573771990e-01
-6.319780075763555827e-01 7.749863211307796984e-01
9.734101775277098634e-01 2.290690426170074734e-01
-8.584245045612752811e-01 -5.129399282262291360e-01
8.110885598560785281e-01 -5.849233694002937689e-01
-9.923943465626025029e-01 -1.230993944363050902e-01
-2.970702177369474728e-01 9.548556360695173995e-01
3.896820228890311988e-01 9.209494671463318571e-01
5.897373238478423318e-02 9.982595348348083375e-01
-5.755282771041976275e-01 8.177818793868411040e-01
5.214985409207821832e-01 8.532521736377207677e-01
9.825789461726610607e-01 1.858456739830730842e-01
-3.449285413682143253e-01 -9.386289476409708232e-01
-9.999991795242759718e-01 1.280996008897425072e-03
9.501984178516346136e-01 3.116455786823397744e-01
5.177118819138711858e-01 -8.555550288118222158e-01
9.936968167164713650e-01 1.121010100202110144e-01
-9.801483028864125258e-01 1.982657417429580793e-01
-9.814331813186746301e-01 -1.918043550253892282e-01
-6.095722656122425365e-01 7.927305046460353388e-01
-5.768069417966982249e-01 8.168805003763649486e-01
9.893573292780074580e-01 1.455062713558702425e-01
2.908029920159879156e-01 9.567829533570030298e-01
-7.487758916700727463e-01 -6.628232524992523356e-01
-5.822849211046243756e-01 8.129847911579782815e-01
7.410077840266580118e-01 6.714964363359656740e-01
6.170489363204264555e-01 7.869247805132522089e-01
4.629723827845098061e-01 8.863727053439953707e-01
-5.534995307843234569e-01 -8.328494878557191061e-01
6.970342623683749572e-01 7.170378212371893989e-01
-6.733845761176218137e-01 -7.392923729127001131e-01
1.551227750711870190e-01 9.878951992262205994e-01
7.191641934462223995e-01 6.948401707334173061e-01
8.374167369196144906e-01 5.465649172119495525e-01
-4.897341302238161220e-01 -8.718718264136777751e-01
1.176518347715825030e-01 -9.930549057201621954e-01
-9.998011361032758115e-01 -1.994212241961592497e-02
4.244441854249794144e-01 -9.054541034524751231e-01
-9.665282548412950092e-01 2.565601929244689661e-01
8.464964230145535229e-01 -5.323944081445316501e-01
9.991384513213303897e-01 -4.150126613988328050e-02
2.527657815055507351e-01 -9.675274981621391213e-01
5.168205150753292232e-01 8.560937771046295275e-01
9.894023313942491571e-01 -1.451999539656415317e-01
5.682224284523478275e-01 8.228750037543469675e-01
7.345226994687935607e-01 6.785841170887189078e-01
-5.065227205002342803e-01 8.622266138417681303e-01
-9.335220528340182344e-01 3.585199811343300902e-01
-7.564042765568431692e-01 6.541044032924092644e-01
-7.551376537921545840e-01 -6.555662619638689126e-01
-9.998798789937587417e-01 -1.549927686784915645e-02
-4.134521222209980862e-01 9.105258604954352686e-01
-7.531101135178471795e-01 -6.578944876780282724e-01
9.729408439894730032e-01 -2.310543531229219960e-01
-9.868202011568851795e-01 1.618205505758913976e-01
7.894582070793788597e-01 6.138043167614681828e-01
3.991086203924079090e-01 -9.169036531329063378e-01
5.598240575547730469e-01 8.286115040131354359e-01
9.992501430178849509e-01 -3.871888013277919455e-02
9.602921586592477743e-01 2.789963620149232826e-01
-9.441703687334592754e-01 3.294576069932574902e-01
7.406918722658910603e-01 -6.718448856389759305e-01
-5.273363895075992014e-01 -8.496565966913277590e-01
7.284647355361073551e-01 6.850833008330513563e-01
-5.582321281257404122e-01 8.296848143290361799e-01
-6.834547080455675161e-01 7.299929191782261739e-01
9.617818253056865663e-01 -2.738169470863005550e-01
8.260651706567946340e-01 -5.635746036043149942e-01
9.914709359324374027e-01 -1.303279831857176163e-01
-9.904368595769431904e-02 9.950830861148799444e-01
-5.585656686219617750e-01 -8.294603027492640779e-01
8.585307634634176122e-01 5.127620580609697498e-01
7.092479238140373399e-01 -7.049591353869226751e-01
-9.084959220193504770e-01 4.178937181559568836e-01
7.482744026115367708e-01 6.633893414853360149e-01
-9.407294481344522508e-01 -3.391579357948875106e-01
-5.231460880297991167e-01 8.522430231918110000e-01
2.180545748761748281e-01 9.759365770251520189e-01
-9.244076295412645417e-01 -3.814059968667248834e-01
-4.891832972566825255e-01 8.721810028228544898e-01
-8.347727774170405901e-01 5.505945968527479195e-01
-6.487257231747429742e-01 -7.610222967110797931e-01
-8.050884705779574047e-01 -5.931547475511307344e-01
-9.143230629298829681e-01 4.049856004779888718e-01
4.476669175295436842e-01 8.942003863506192696e-01
9.997418026473807728e-01 2.272285279989646328e-02
8.205712486355712931e-01 -5.715442466796948340e-01
-3.433729451000562261e-01 -9.391991378687022385e-01
2.404115040528175262e-01 9.706710610289471797e-01
7.686100924306888960e-01 6.397175359591824595e-01
-3.850429513849249474e-01 -9.228986540182980702e-01
-4.329623211448951348e-01 9.014120192613501725e-01
8.770662965353882567e-01 -4.803693490239552277e-01
3.458507501423904729e-02 9.994017573459932358e-01
6.657146603544622510e-01 7.462063997240595548e-01
5.808724593136114223e-01 -8.139945859838114695e-01
9.863933118105084885e-01 1.644026593930191793e-01
8.301577847917580577e-01 -5.575285215570959796e-01
8.052518694126411525e-01 5.929329024497178580e-01
-6.287720715750029221e-01 7.775896617157916912e-01
1.041877009857701958e-01 9.945576519052576892e-01
4.232357591090034621e-01 9.060195871014189439e-01
3.588319696119643409e-01 9.334021735481432547e-01
-8.959746149001924787e-01 4.441052684380716875e-01
-9.925124741890254398e-01 -1.221433116432456695e-01
7.946834615074314101e-01 -6.070240489524010297e-01
9.999150637818873255e-01 -1.303323528768182867e-02
4.990609732850675995e-01 -8.665668727477187083e-01
-4.740503737912588611e-01 8.804977246468997931e-01
-8.791801781779343683e-01 -4.764894692425170053e-01
-4.689277757686313047e-04 -9.999998900533646484e-01
-7.175796989160996286e-01 6.964763999616065959e-01
-3.362165957564161034e-01 -9.417846891609390481e-01
-9.704746958478739360e-01 2.412029533794654290e-01
-9.991095474473044025e-01 -4.219137589179357967e-02
-9.999720969261605141e-01 -7.470299130389378671e-03
-8.280929192363788438e-01 5.605908642767666317e-01
-2.436360144752726387e-01 9.698667395320889062e-01
-4.068923320655260523e-01 9.134761245409086516e-01
-6.559236072428026310e-01 7.548272792245849239e-01
-7.282418395928765831e-01 6.853202339537209919e-01
-5.824346717251860372e-01 -8.128775142494560901e-01
2.657904936331960122e-01 -9.640308156351756752e-01
-9.209178386490715074e-01 3.897567631971544655e-01
-5.897656720660492402e-01 -8.075744250856891071e-01
3.774573518369218061e-01 9.260269691236092671e-01
-1.627344142761055490e-01 -9.866699095493958183e-01
