-5.932052795601708839e-01 -8.050512383084317269e-01
6.206866669411458259e-01 7.840587104812312136e-01
-2.618698771332117481e-01 -9.651031900528753704e-01
4.319301010110738748e-01 -9.019070838177086769e-01
9.201894495097167059e-01 -3.914733413797220618e-01
-4.375913759781082102e-01 -8.991739473925975945e-01
-9.063222544783107182e-01 4.225872348253696953e-01
6.912196154048759755e-01 7.226447559344323368e-01
9.874088712734317985e-01 -1.581888773919570279e-01
9.989460266558082280e-01 4.590028135614650229e-02
1.795860524382827117e-01 9.837422679592630059e-01
-2.117782877784093742e-01 9.773177358595541708e-01
7.113308376506045638e-01 7.028573392995831615e-01
8.373358862600743802e-01 -5.466887721373614450e-01
-6.156639499575139451e-01 -7.880088202061648062e-01
6.156085592590964106e-01 7.880520933078850598e-01
-8.083600721117140120e-01 -5.886883673180099974e-01
-9.999898532080988556e-01 -4.504828614377780205e-03
-9.700235614191585753e-01 2.430108851300530337e-01
7.438582654598862032e-01 -6.683374004999342866e-01
-9.865869573656361746e-01 -1.632365631714178811e-01
7.656516253440500686e-01 -6.432554613899631457e-01
6.195541468210647995e-01 7.849539216774588102e-01
-7.458525756629095227e-01 -6.661110533364567043e-01
-9.984787370257548478e-01 5.513811483405580555e-02
7.261108319030091796e-01 6.875776754615581243e-01
-5.948670046414349377e-01 -8.038241392176070921e-01
-5.209196160414459875e-01 -8.536057366391304191e-01
7.800997274134503501e-01 -6.256551888136629991e-01
-8.707979953102157333e-01 -4.916409781168668558e-01
7.481091257575126496e-01 -6.635757198378569033e-01
-5.588730087700619631e-01 -8.292532544815836015e-01
-6.542561515238695113e-01 -7.562730249011765382e-01
-3.333808939986398490e-01 9.427922249979937552e-01
-5.044883334474080661e-01 -8.634185088446140188e-01
-6.650732212755152695e-01 -7.467781533643103042e-01
6.136973370263630878e-01 7.895413722704786030e-01
-2.036956670063234387e-01 -9.790342564194824959e-01
8.582441687535594665e-01 -5.132416066537396349e-01
-7.626701006299106966e-01 -6.467876912907062348e-01
1.634911722690969571e-01 9.865447970518503862e-01
-4.961949033098782547e-01 8.682111597585582263e-01
7.526770516588537907e-01 -6.583898965705163864e-01
-4.754415770812103759e-01 8.797472971157861421e-01
-8.632357749545777059e-01 5.048009477393734512e-01
1.865703134510298122e-01 -9.824416105493417595e-01
1.770617600060557795e-01 -9.841997425032978919e-01
3.415648706586764116e-01 9.398582016091158176e-01
9.734288604519042432e-01 2.289896365325451988e-01
-9.905736100794853005e-01 -1.369814696011685540e-01
-8.054530400878633367e-01 5.926595989378885543e-01
5.553383145410717425e-01 8.316245284999003173e-01
3.433309116352207258e-01 -9.392145043150302852e-01
-8.455532967838106373e-01 -5.338910209940125329e-01
2.000773925738162096e-01 9.797800962363253374e-01
3.996183230729862257e-01 9.166816218646114400e-01
7.863486457910687788e-01 -6.177829774787844119e-01
-5.738672201988759269e-01 -8.189483583115694243e-01
9.222969887841258041e-01 -3.864819070535311374e-01
-1.584876146668356134e-01 -9.873609654008085323e-01
-9.860317118476752407e-01 1.665576873961188142e-01
7.064519682798020561e-02 -9.975015068485540981e-01
-2.600774392212231723e-01 9.655877617327857099e-01
-9.532291558040965063e-01 3.022485343637075772e-01
7.957742327763664969e-01 -6.055934035713940178e-01
-8.774763926989355145e-01 4.796198288812332788e-01
-8.537889094344879304e-01 -5.206193409072193967e-01
-9.463116245990016440e-01 3.232557952284820790e-01
-3.220949649765622036e-01 9.467073642561081304e-01
-7.923315472581158314e-01 6.100907467086843505e-01
9.412329560235563886e-01 3.377580827976703337e-01
5.007751283281738353e-01 -8.655774204817850981e-01
3.211916316415406869e-01 -9.470142215212212777e-01
-8.425311372785750930e-01 -5.386476424491902781e-01
-7.943224220861493379e-01 6.074964113237159014e-01
8.837021770288960854e-01 4.680496365925194691e-01
6.591254911942355799e-01 -7.520329692626231965e-01
-2.090939161196682661e-01 9.778955640771366253e-01
8.671118159938612235e-01 -4.981135398318620733e-01
-6.813867599088676563e-01 -7.319235502570573537e-01
9.999854174589646316e-01 5.400450853433389278e-03
6.831403509291066323e-01 -7.302871085624180747e-01
6.086285219994763684e-01 7.934553057411191102e-01
2.253712856309333934e-01 -9.742729512888368415e-01
9.629457244630533763e-01 -2.696952571669094523e-01
-9.908660226557651773e-01 1.348500098121790114e-01
9.546977149860286227e-01 2.975773395278205613e-01
-8.072135235858115543e-01 5.902595423541904252e-01
-7.699287228802805805e-01 -6.381298940528804531e-01
-7.146592736353135633e-01 -6.994727461503028598e-01
3.433687770132274886e-01 9.392006617184852635e-01
7.832975706729609078e-01 6.216469382035416658e-01
8.552164499542648235e-01 -5.182709944880422581e-01
7.714869954806224950e-01 6.362450909863917037e-01
6.795346206809166345e-01 7.336434415273147547e-01
-5.016975152928301318e-01 -8.650431221326485565e-01
-2.819142464274511650e-01 -9.594396060520131719e-01
5.533903079090726207e-01 -8.329220654492842657e-01
3.367889790032288500e-01 9.415801525212617040e-01
-7.149942244315175000e-01 -6.991303591102112636e-01
