-1.981176928065274456e+00 1.882307193472554374e-02
-4.379434974439542216e-01 1.562056502556045778e+00
-2.539107681170738928e+00 -5.391076811707389282e-01
-1.648378370311753383e+00 3.516216296882466175e-01
-1.977107938676425203e+00 2.289206132357479717e-02
5.657539374538087529e-01 2.565753937453808753e+00
6.721222320502417968e-01 2.672122232050242019e+00
-1.987884991545445956e+00 1.211500845455404374e-02
-3.010187178224898119e+00 -1.010187178224898119e+00
8.956562038153161875e-01 2.895656203815316410e+00
7.316350279508936350e-01 2.731635027950893857e+00
-1.031421876522315539e+00 9.685781234776844606e-01
-1.582695645260804973e+00 4.173043547391950270e-01
1.385634223623416261e+00 3.385634223623416261e+00
7.133062167196015935e-01 2.713306216719601593e+00
-3.155640963627752704e+00 -1.155640963627752704e+00
-1.861025602897470321e-02 1.981389743971025297e+00
2.740448080871022984e-01 2.274044808087102076e+00
-1.581589626295383244e+00 4.184103737046167559e-01
1.457540773528212874e+00 3.457540773528212874e+00
-3.615547229062316958e+00 -1.615547229062316958e+00
-3.040774654991380110e+00 -1.040774654991380110e+00
-2.407875727127931853e+00 -4.078757271279318530e-01
-3.340299888768793579e+00 -1.340299888768793579e+00
-1.159409103368412186e+00 8.405908966315878139e-01
-2.115178958391754627e-01 1.788482104160824537e+00
-3.564783608691093342e+00 -1.564783608691093342e+00
-3.288891089841676774e+00 -1.288891089841676774e+00
-2.546073194558822195e+00 -5.460731945588221947e-01
-2.932405515847671396e+00 -9.324055158476713956e-01
4.104927461415119883e-01 2.410492746141511766e+00
-2.058486491950251462e+00 -5.848649195025146241e-02
-6.542150940203805831e-01 1.345784905979619417e+00
1.982792228804923784e-01 2.198279222880492156e+00
-2.288805168684034719e+00 -2.888051686840347188e-01
-9.559805982713101002e-01 1.044019401728689900e+00
-3.845743415991306868e+00 -1.845743415991306868e+00
5.053964063654288186e-01 2.505396406365428597e+00
6.992478958469445782e-01 2.699247895846944800e+00
-1.138971658038527401e+00 8.610283419614725986e-01
-1.730502938490484865e+00 2.694970615095151345e-01
-3.186980775265975119e+00 -1.186980775265975119e+00
1.025077093032888964e-01 2.102507709303289118e+00
4.684642894911068556e-01 2.468464289491106634e+00
-8.816513544204345187e-01 1.118348645579565481e+00
1.149808857553536789e+00 3.149808857553536789e+00
1.765820469585646535e+00 3.765820469585646535e+00
-2.818070042440898426e+00 -8.180700424408984262e-01
3.313718215411829426e-01 2.331371821541182943e+00
1.344922594667887772e+00 3.344922594667887772e+00
-3.166424136263371381e+00 -1.166424136263371381e+00
-1.047231707255555921e+00 9.527682927444440786e-01
-3.737229586315617524e+00 -1.737229586315617524e+00
1.344106026629705575e-01 2.134410602662970557e+00
-1.976196649305525632e+00 2.380335069447436780e-02
-2.773697497845167170e+00 -7.736974978451671703e-01
-1.860781957987730273e+00 1.392180420122697271e-01
8.708466479597780641e-01 2.870846647959778064e+00
-1.732269078207087087e+00 2.677309217929129126e-01
-2.454204181913423710e+00 -4.542041819134237102e-01
-3.582664040369325953e+00 -1.582664040369325953e+00
6.796885226969562321e-01 2.679688522696956454e+00
-2.104832423052529933e+00 -1.048324230525299328e-01
-8.210601450792482936e-01 1.178939854920751706e+00
-2.683166235754339546e+00 -6.831662357543395458e-01
-7.676838279487299133e-01 1.232316172051270087e+00
-2.322906173576718913e+00 -3.229061735767189134e-01
-1.771751170987582835e+00 2.282488290124171648e-01
-7.162055038063326329e-01 1.283794496193667367e+00
9.769258627725463384e-01 2.976925862772546338e+00
1.385458292919759415e+00 3.385458292919759415e+00
-3.592527732710154353e+00 -1.592527732710154353e+00
-5.867776281028933560e-01 1.413222371897106644e+00
6.341975121337628529e-01 2.634197512133762853e+00
1.377883316343635478e+00 3.377883316343635478e+00
-3.390743305620761205e+00 -1.390743305620761205e+00
5.966356625846267470e-01 2.596635662584626747e+00
-5.624537020454907221e-01 1.437546297954509278e+00
8.680442267785095645e-01 2.868044226778509564e+00
-2.927915943559129097e+00 -9.279159435591290972e-01
-1.669780946462471771e+00 3.302190535375282288e-01
-2.981127340835189266e+00 -9.811273408351892655e-01
-3.415659516059753820e+00 -1.415659516059753820e+00
8.069845536804600705e-01 2.806984553680460071e+00
-1.599051122270457981e+00 4.009488777295420192e-01
-3.354123714780342880e+00 -1.354123714780342880e+00
-3.690565128665667771e+00 -1.690565128665667771e+00
-5.594401293543973530e-01 1.440559870645602647e+00
-2.429604834470438846e+00 -4.296048344704388455e-01
-2.872851474513911540e+00 -8.728514745139115405e-01
-2.623810742198463331e+00 -6.238107421984633305e-01
-3.368549402912417001e+00 -1.368549402912417001e+00
-3.535268173408909753e+00 -1.535268173408909753e+00
-1.920686906241068748e+00 7.931309375893125235e-02
-1.774955393429569206e+00 2.250446065704307941e-01
-2.429078124749469048e+00 -4.290781247494690476e-01
-2.561629921469377180e-01 1.743837007853062282e+00
-2.486509006026935253e+00 -4.865090060269352534e-01
3.794457827187880383e-01 2.379445782718788038e+00
-1.646319981958849432e+00 3.536800180411505679e-01
-1.484460391595245454e+00 5.155396084047545457e-01
7.129739074711842761e-01 2.712973907471184276e+00
-3.051607150403439661e+00 -1.051607150403439661e+00
7.990754676881157703e-01 2.799075467688115992e+00
2.410785578880205726e-01 2.241078557888020573e+00
1.197386898586692006e+00 3.197386898586692006e+00
-6.290799407071263616e-01 1.370920059292873638e+00
9.547530754150015397e-01 2.954753075415001540e+00
-9.224733502920048345e-01 1.077526649707995166e+00
-1.585535747919667671e+00 4.144642520803323293e-01
-1.590116937857605883e+00 4.098830621423941167e-01
-3.498876463326467956e-01 1.650112353667353204e+00
-1.244157374440858277e+00 7.558426255591417231e-01
-3.841041746349024066e+00 -1.841041746349024066e+00
-2.083822402426781295e+00 -8.382240242678129505e-02
-4.396221359917253935e-01 1.560377864008274607e+00
-2.246607344083958679e+00 -2.466073440839586794e-01
-3.521121123535390751e+00 -1.521121123535390751e+00
-1.745955973469559552e+00 2.540440265304404477e-01
-1.490936457578191821e+00 5.090635424218081795e-01
1.098538576042193959e-01 2.109853857604219396e+00
-3.462192487213510361e+00 -1.462192487213510361e+00
-2.438285512199055205e+00 -4.382855121990552050e-01
-3.952489846712179400e+00 -1.952489846712179400e+00
-1.355712875181435351e+00 6.442871248185646493e-01
3.799701870838814166e-01 2.379970187083881417e+00
-1.998232731607070711e+00 1.767268392929288723e-03
-1.346173812889332133e+00 6.538261871106678669e-01
-3.265748778983793343e+00 -1.265748778983793343e+00
1.162443318672518267e+00 3.162443318672518267e+00
1.972678837928903306e+00 3.972678837928903306e+00
-5.763805422806136392e-01 1.423619457719386361e+00
-1.484948831524810942e+00 5.150511684751890584e-01
1.943419981688752074e+00 3.943419981688752074e+00
-1.231322541916621827e+00 7.686774580833781734e-01
1.019622229802640057e+00 3.019622229802640057e+00
-6.402805256137820145e-01 1.359719474386217986e+00
-3.408142275140567001e+00 -1.408142275140567001e+00
-3.578642069365652212e+00 -1.578642069365652212e+00
-2.218143370650507151e+00 -2.181433706505071513e-01
-2.371728663832526784e+00 -3.717286638325267845e-01
-3.069354864576182784e+00 -1.069354864576182784e+00
6.939627672787784807e-01 2.693962767278778259e+00
-3.190301106646384000e+00 -1.190301106646384000e+00
1.906376380195244913e-01 2.190637638019524491e+00
-2.541851577951319996e+00 -5.418515779513199959e-01
-3.579198898233397763e-01 1.642080110176660224e+00
-1.561512933210086551e+00 4.384870667899134489e-01
6.787029364584014068e-01 2.678702936458401407e+00
7.773592757587062252e-01 2.777359275758706225e+00
-1.849933374563440758e+00 1.500666254365592422e-01
8.802934448955308522e-01 2.880293444895531074e+00
-2.004069201820144919e+00 -4.069201820144918713e-03
1.932007844889449544e-02 2.019320078448894495e+00
-3.560294533048020682e-01 1.643970546695197932e+00
-8.242072931445578732e-01 1.175792706855442127e+00
-1.147921639809368344e-02 1.988520783601906317e+00
1.446389671012116906e+00 3.446389671012116906e+00
5.283682517274006507e-01 2.528368251727400651e+00
-6.319856263690226683e-02 1.936801437363097733e+00
-1.272953227987955849e+00 7.270467720120441513e-01
-1.881362652938075808e+00 1.186373470619241921e-01
-2.933593360823294915e+00 -9.335933608232949155e-01
-1.151993955145372617e+00 8.480060448546273832e-01
1.737014554952960310e+00 3.737014554952960310e+00
-3.662554799323883614e+00 -1.662554799323883614e+00
-2.898311249345720597e+00 -8.983112493457205971e-01
7.184095820290234968e-01 2.718409582029023497e+00
-2.613872905669598623e+00 -6.138729056695986230e-01
1.570086917706808194e+00 3.570086917706808194e+00
8.321957445299210665e-01 2.832195744529920844e+00
-6.466562960784218994e-01 1.353343703921578101e+00
-2.585050961580087403e+00 -5.850509615800874030e-01
-2.245164946713867238e+00 -2.451649467138672378e-01
-1.669074245856494443e-02 1.983309257541435056e+00
-6.459255166599984221e-01 1.354074483340001578e+00
-7.272492122750593424e-01 1.272750787724940658e+00
-1.968413307238459531e+00 3.158669276154046912e-02
1.069058960651136481e+00 3.069058960651136481e+00
-9.866273570409145321e-02 1.901337264295908547e+00
1.236358857465633676e+00 3.236358857465633676e+00
1.460128020404138471e+00 3.460128020404138471e+00
-2.853276426044248026e+00 -8.532764260442480264e-01
-1.273417719054966035e+00 7.265822809450339648e-01
-7.493418307672703449e-01 1.250658169232729655e+00
-1.655562600519582261e-01 1.834443739948041774e+00
-3.214786073223916851e+00 -1.214786073223916851e+00
-1.712390974057957926e+00 2.876090259420420736e-01
-6.875957415754445634e-01 1.312404258424555437e+00
-7.202718525597671118e-01 1.279728147440232888e+00
-2.474842151099831078e+00 -4.748421510998310779e-01
5.470147947062902194e-01 2.547014794706289997e+00
-1.547816060791041615e+00 4.521839392089583853e-01
-3.708972206158273721e+00 -1.708972206158273721e+00
-7.853611104005708832e-01 1.214638889599429117e+00
1.730704063215292798e+00 3.730704063215292798e+00
-3.418330539762468590e-01 1.658166946023753141e+00
-2.373935402275594519e+00 -3.739354022755945195e-01
1.065574852250844806e+00 3.065574852250844806e+00
2.484007989028536034e-01 2.248400798902853381e+00
-3.692030552356097672e+00 -1.692030552356097672e+00
9.224467387206938263e-01 2.922446738720693826e+00
7.477686508675487342e-01 2.747768650867548956e+00
-1.078428536112665093e+00 9.215714638873349074e-01
1.122790847665418923e+00 3.122790847665418923e+00
1.748689562925584084e+00 3.748689562925584084e+00
-3.448876459428505292e+00 -1.448876459428505292e+00
1.717987252632712902e+00 3.717987252632712902e+00
1.146126075191278293e+00 3.146126075191278293e+00
-1.444881334706873410e+00 5.551186652931265897e-01
-3.199250493129409456e+00 -1.199250493129409456e+00
-3.817368950611243150e+00 -1.817368950611243150e+00
-3.956531931652200740e+00 -1.956531931652200740e+00
2.492814091648389851e-01 2.249281409164838763e+00
-3.183246649119784166e-01 1.681675335088021583e+00
-4.397710144785067499e-01 1.560228985521493250e+00
-9.934529959221314321e-01 1.006547004077868568e+00
-2.512264329951041653e+00 -5.122643299510416526e-01
1.944453357612601963e+00 3.944453357612601963e+00
3.170527844277195584e-01 2.317052784427719558e+00
-1.979120284592728041e-01 1.802087971540727196e+00
1.320508328694115718e+00 3.320508328694115718e+00
-1.795993236066427023e+00 2.040067639335729766e-01
-4.281860996796247321e-01 1.571813900320375268e+00
2.985894703723797061e-01 2.298589470372379928e+00
8.448494196852573968e-01 2.844849419685257175e+00
-2.178991917374043297e+00 -1.789919173740432967e-01
9.439866970406969315e-01 2.943986697040696932e+00
-3.018831803712725304e+00 -1.018831803712725304e+00
-5.586493607159392916e-01 1.441350639284060708e+00
-2.754054347009579296e+00 -7.540543470095792955e-01
-4.426350687448650234e-01 1.557364931255134977e+00
-9.222113103056894801e-02 1.907778868969431052e+00
-1.141330378225341668e+00 8.586696217746583315e-01
-1.597148845713554088e+00 4.028511542864459116e-01
-4.826249050517814609e-01 1.517375094948218539e+00
-3.644958840932897459e+00 -1.644958840932897459e+00
-3.872520940218224794e-01 1.612747905978177521e+00
-2.849310025020718840e+00 -8.493100250207188395e-01
-1.351329567377610452e+00 6.486704326223895478e-01
-2.132419496288694205e+00 -1.324194962886942051e-01
-2.301930960824757122e+00 -3.019309608247571219e-01
-3.974947534230325985e+00 -1.974947534230325985e+00
-3.923007468421655375e+00 -1.923007468421655375e+00
-3.756693392916024443e+00 -1.756693392916024443e+00
-6.323491289832539053e-01 1.367650871016746095e+00
8.974562752912751407e-01 2.897456275291275141e+00
-1.876153273120296561e+00 1.238467268797034393e-01
-3.959611460904580937e+00 -1.959611460904580937e+00
1.546950846691184545e+00 3.546950846691184545e+00
1.488298569200730004e+00 3.488298569200730004e+00
-3.031128900105150237e+00 -1.031128900105150237e+00
-1.183771686276891444e+00 8.162283137231085561e-01
-3.974959321404179846e+00 -1.974959321404179846e+00
3.094277177793007816e-01 2.309427717779300782e+00
-3.153400326743512672e+00 -1.153400326743512672e+00
9.266524308762982276e-01 2.926652430876298006e+00
-2.971265100018404937e+00 -9.712651000184049366e-01
-3.120988274102979076e+00 -1.120988274102979076e+00
1.005656615943271603e+00 3.005656615943271603e+00
-3.661037818506560626e-01 1.633896218149343937e+00
-1.520065058688092385e+00 4.799349413119076146e-01
-2.735787996415353973e+00 -7.357879964153539731e-01
-2.415093262880619207e+00 -4.150932628806192071e-01
1.255036485245391908e+00 3.255036485245391908e+00
-1.202355080531404941e+00 7.976449194685950594e-01
8.272269717034299585e-01 2.827226971703430181e+00
2.184863776117915712e-01 2.218486377611791571e+00
1.784801236502853161e-01 2.178480123650285094e+00
-1.435351091074133834e+00 5.646489089258661664e-01
-7.134226134466290503e-01 1.286577386553370950e+00
1.690661266196962664e+00 3.690661266196962664e+00
1.154262822308387726e+00 3.154262822308387726e+00
-1.222133261975371532e+00 7.778667380246284679e-01
-1.885756002905157658e+00 1.142439970948423422e-01
-1.183067998846336177e+00 8.169320011536638226e-01
-2.094625846543902270e+00 -9.462584654390227001e-02
1.168113928177100469e+00 3.168113928177100469e+00
-2.139229300311213500e+00 -1.392293003112134997e-01
-1.959216803806793639e+00 4.078319619320636136e-02
-2.764411297067938200e+00 -7.644112970679382002e-01
-2.384538827110528558e+00 -3.845388271105285583e-01
1.580300834309152691e+00 3.580300834309152691e+00
8.506128342757635075e-02 2.085061283427576129e+00
1.020036217922760891e+00 3.020036217922760891e+00
6.568529355372969558e-01 2.656852935537297178e+00
-3.556833543007282827e-01 1.644316645699271717e+00
-5.803638639718489145e-01 1.419636136028151085e+00
5.023929075875663841e-01 2.502392907587566384e+00
-3.315464171558625495e+00 -1.315464171558625495e+00
1.695589868265099831e+00 3.695589868265099831e+00
-5.900524354069398569e-01 1.409947564593060143e+00
-1.684415531751414008e+00 3.155844682485859920e-01
-2.737979941776430337e+00 -7.379799417764303371e-01
-1.674390228415434834e+00 3.256097715845651663e-01
5.760237671383490188e-01 2.576023767138349019e+00
-1.385264109511585850e+00 6.147358904884141495e-01
-3.719444063433665626e+00 -1.719444063433665626e+00
9.374581474815215643e-01 2.937458147481521564e+00
-9.710116403329513979e-01 1.028988359667048602e+00
-4.223023095884519407e-01 1.577697690411548059e+00
-1.479431003989023274e+00 5.205689960109767256e-01
2.506886912391637079e-01 2.250688691239163930e+00
-4.840779178462186749e-01 1.515922082153781325e+00
1.685690820415428171e+00 3.685690820415428171e+00
-3.095705877743326617e+00 -1.095705877743326617e+00
-3.866012615617396619e+00 -1.866012615617396619e+00
-1.833235910531900714e-01 1.816676408946809929e+00
1.449431358299653638e+00 3.449431358299653638e+00
-1.731089560597502519e+00 2.689104394024974809e-01
-3.747766539073409398e+00 -1.747766539073409398e+00
-3.218597035754373614e+00 -1.218597035754373614e+00
1.360971252099819395e+00 3.360971252099819395e+00
-3.560058988320780493e+00 -1.560058988320780493e+00
8.104460250082350381e-01 2.810446025008235260e+00
9.997600176348941936e-01 2.999760017634894194e+00
-1.974732033716208868e+00 2.526796628379113230e-02
-1.267398282053165737e+00 7.326017179468342633e-01
3.608921485080167635e-01 2.360892148508016763e+00
-1.645172083861288215e-01 1.835482791613871179e+00
-5.917003833134550916e-01 1.408299616686544908e+00
1.916020463032720222e+00 3.916020463032720222e+00
-1.819760317985005038e+00 1.802396820149949619e-01
-2.145394300524197995e+00 -1.453943005241979947e-01
-3.595512482318508063e-02 1.964044875176814919e+00
5.329688424926348755e-01 2.532968842492635098e+00
1.251299886827555774e+00 3.251299886827555774e+00
-7.033504494157223341e-01 1.296649550584277666e+00
1.490242569935810835e+00 3.490242569935810835e+00
-1.546553974955628075e+00 4.534460250443719254e-01
7.195941422250473618e-01 2.719594142225047584e+00
3.718953735651049364e-01 2.371895373565104936e+00
-9.678354403489306534e-01 1.032164559651069347e+00
-8.720959565332400132e-01 1.127904043466759987e+00
1.911663416622853440e+00 3.911663416622853440e+00
1.367364211935543139e+00 3.367364211935543139e+00
-2.195801612417177751e+00 -1.958016124171777506e-01
-1.323198466518991090e+00 6.768015334810089101e-01
-2.188706809295392297e+00 -1.887068092953922971e-01
-1.728511236613722524e+00 2.714887633862774763e-01
-2.691154262246386430e+00 -6.911542622463864305e-01
1.760084579183843978e+00 3.760084579183843978e+00
1.515508858144085647e-01 2.151550885814408787e+00
1.770778033436743115e+00 3.770778033436743115e+00
8.052156606515492587e-01 2.805215660651549037e+00
-1.241666473234579460e+00 7.583335267654205403e-01
-2.372554037406790606e+00 -3.725540374067906058e-01
-2.969905031914425564e+00 -9.699050319144255639e-01
-3.767522893261785910e+00 -1.767522893261785910e+00
-2.892190416968825062e+00 -8.921904169688250619e-01
-9.020947078008783038e-01 1.097905292199121696e+00
1.631949085425352219e+00 3.631949085425352219e+00
8.886271649618984192e-01 2.888627164961898419e+00
1.651007322282257661e+00 3.651007322282257661e+00
-6.539819217139246632e-01 1.346018078286075337e+00
1.104036331936389281e+00 3.104036331936389281e+00
1.146716352139921291e+00 3.146716352139921291e+00
-2.672944315373297464e+00 -6.729443153732974636e-01
6.163243542283858289e-01 2.616324354228385829e+00
-2.980382792507688450e+00 -9.803827925076884497e-01
1.336483224240901269e+00 3.336483224240901269e+00
1.023431943159492263e+00 3.023431943159492263e+00
4.757516211028349762e-01 2.475751621102834754e+00
-1.020183568698668886e+00 9.798164313013311144e-01
1.207937272253544858e+00 3.207937272253544858e+00
-2.986778859850051759e+00 -9.867788598500517594e-01
-2.454215401881375769e+00 -4.542154018813757688e-01
-2.809201883249619058e+00 -8.092018832496190583e-01
-3.289241794797571394e+00 -1.289241794797571394e+00
-3.064312707773671818e+00 -1.064312707773671818e+00
-1.294716190913404397e+00 7.052838090865956033e-01
4.341326373801697169e-01 2.434132637380169939e+00
-2.999165662134501531e+00 -9.991656621345015310e-01
-1.814251098786081151e+00 1.857489012139188489e-01
-1.313749349386800436e+00 6.862506506131995643e-01
-3.602592487222375794e+00 -1.602592487222375794e+00
-6.669812753514898773e-01 1.333018724648510123e+00
-3.295992982399008397e+00 -1.295992982399008397e+00
4.366456778834353347e-01 2.436645677883435113e+00
-9.697108338427242735e-01 1.030289166157275726e+00
-1.865071250873161723e+00 1.349287491268382766e-01
-2.028772404754284331e+00 -2.877240475428433086e-02
-2.960665320682876356e+00 -9.606653206828763558e-01
5.597957401414355161e-01 2.559795740141435516e+00
-2.056261583167561469e+00 -5.626158316756146860e-02
-1.458644975032227897e+00 5.413550249677721027e-01
-2.817751453936613082e+00 -8.177514539366130819e-01
-3.791706266029015282e+00 -1.791706266029015282e+00
-3.683439424432792819e-01 1.631656057556720718e+00
1.586959220493486811e+00 3.586959220493486811e+00
1.340945061923748405e-02 2.013409450619237262e+00
-1.722288565311368203e+00 2.777114346886317975e-01
-2.477105691506963581e+00 -4.771056915069635807e-01
-1.315943094120940238e+00 6.840569058790597623e-01
6.682058122246870013e-02 2.066820581222468700e+00
-1.216279067080766829e+00 7.837209329192331708e-01
-3.668636319648489241e+00 -1.668636319648489241e+00
-1.581622141998905384e+00 4.183778580010946158e-01
5.254064956533017750e-01 2.525406495653301775e+00
-2.017097638469104837e+00 -1.709763846910483664e-02
-3.948168293898755010e-01 1.605183170610124499e+00
9.081993525097649123e-01 2.908199352509765134e+00
3.785877495135461235e-01 2.378587749513545901e+00
-2.317509899387487415e+00 -3.175098993874874154e-01
-5.145291595486121139e-01 1.485470840451387886e+00
9.239250938913954325e-01 2.923925093891395655e+00
-9.774698764843048338e-01 1.022530123515695166e+00
-3.327830845402752757e+00 -1.327830845402752757e+00
-3.075618446366227943e+00 -1.075618446366227943e+00
-3.165746023592937775e+00 -1.165746023592937775e+00
-2.216625225599127447e+00 -2.166252255991274467e-01
-3.440691816106023815e+00 -1.440691816106023815e+00
4.048287023838235132e-01 2.404828702383823291e+00
-6.802707695638989804e-01 1.319729230436101020e+00
1.404889542723563700e+00 3.404889542723563700e+00
-3.661480078210319178e+00 -1.661480078210319178e+00
-1.549801138586419214e+00 4.501988614135807865e-01
-3.413819456176144129e+00 -1.413819456176144129e+00
2.656186839392742360e-01 2.265618683939274014e+00
1.416475546254456486e+00 3.416475546254456486e+00
-3.619791523318175663e+00 -1.619791523318175663e+00
-4.975865706156215040e-01 1.502413429384378496e+00
4.171155954607019822e-01 2.417115595460701982e+00
-1.170989002665957734e+00 8.290109973340422655e-01
-2.310053202195208044e-01 1.768994679780479196e+00
-3.007129129070564844e+00 -1.007129129070564844e+00
7.056570736206555505e-01 2.705657073620655773e+00
-1.773040645399766468e+00 2.269593546002335316e-01
-3.248560969267689558e+00 -1.248560969267689558e+00
-3.433140895071296050e+00 -1.433140895071296050e+00
-3.970304248072361375e+00 -1.970304248072361375e+00
1.254774984443522534e+00 3.254774984443522534e+00
-2.668063855312484911e+00 -6.680638553124849111e-01
-3.805587556974511010e+00 -1.805587556974511010e+00
-1.322531003010761985e+00 6.774689969892380148e-01
-1.719640679563978036e+00 2.803593204360219637e-01
-5.664815994465399740e-01 1.433518400553460026e+00
1.236877681748596469e+00 3.236877681748596469e+00
-2.164874788859846078e+00 -1.648747888598460776e-01
4.370299879884227412e-01 2.437029987988422519e+00
-5.607644058253926644e-01 1.439235594174607336e+00
4.543933594535809473e-01 2.454393359453581169e+00
6.798262826423733252e-01 2.679826282642373325e+00
-2.005901703595314167e+00 -5.901703595314167217e-03
-2.592584724971398025e+00 -5.925847249713980247e-01
-5.676977526349773484e-01 1.432302247365022652e+00
-1.891664862166897443e+00 1.083351378331025572e-01
8.806736601486200300e-01 2.880673660148620030e+00
-2.282941592349030380e+00 -2.829415923490303797e-01
1.562840098890772467e+00 3.562840098890772467e+00
1.145024420595197601e-01 2.114502442059519538e+00
-5.217109628427172296e-01 1.478289037157282770e+00
-2.333363032751188726e+00 -3.333630327511887259e-01
-2.085198564469008531e+00 -8.519856446900853086e-02
-2.911796783743371364e+00 -9.117967837433713640e-01
1.249036197346510946e+00 3.249036197346510946e+00
-2.054881686428042364e+00 -5.488168642804236441e-02
7.046868958194847377e-01 2.704686895819484960e+00
-1.751521543989023044e-01 1.824847845601097696e+00
1.551846897545798853e-01 2.155184689754579885e+00
-6.167950698657609365e-01 1.383204930134239063e+00
-2.520741075690245303e+00 -5.207410756902453031e-01
9.979392002345655044e-03 2.009979392002345655e+00
-6.197014028751746118e-01 1.380298597124825388e+00
-2.489687546335376922e+00 -4.896875463353769220e-01
4.550720357570090524e-01 2.455072035757009274e+00
-3.501362793629589909e+00 -1.501362793629589909e+00
1.255080458233571061e+00 3.255080458233571061e+00
-3.146589447237361448e+00 -1.146589447237361448e+00
1.765651750123560237e-01 2.176565175012355802e+00
1.114144505969889565e+00 3.114144505969889565e+00
-1.239922792520826711e+00 7.600772074791732891e-01
1.204251988179369182e+00 3.204251988179369182e+00
1.807769585843387539e+00 3.807769585843387539e+00
-3.430420299266518924e+00 -1.430420299266518924e+00
-2.238552590538286147e+00 -2.385525905382861467e-01
-3.553095563833029047e+00 -1.553095563833029047e+00
1.989884941089474779e+00 3.989884941089474779e+00
1.004070954575281061e+00 3.004070954575281061e+00
-1.608817686380655587e+00 3.911823136193444128e-01
1.588601855633488213e+00 3.588601855633488213e+00
-3.957682568975162241e+00 -1.957682568975162241e+00
8.036664611831974003e-01 2.803666461183197178e+00
3.071469215121336305e-02 2.030714692151213363e+00
-2.203695618675885370e+00 -2.036956186758853704e-01
-2.920856832870534880e+00 -9.208568328705348804e-01
9.683094143021628852e-01 2.968309414302162885e+00
-4.318304449761267705e-01 1.568169555023873230e+00
-1.346358178172490039e+00 6.536418218275099612e-01
1.618054776933854022e+00 3.618054776933854022e+00
1.160017659254214628e+00 3.160017659254214628e+00
-2.846436441415306717e+00 -8.464364414153067173e-01
-2.229033244365422384e+00 -2.290332443654223837e-01
-3.405911364114142970e+00 -1.405911364114142970e+00
6.551426010439227454e-01 2.655142601043922745e+00
-5.483571883299220850e-01 1.451642811670077915e+00
4.880062122638093580e-01 2.488006212263809580e+00
1.770999702519233665e+00 3.770999702519233665e+00
-2.661029471972282678e+00 -6.610294719722826784e-01
-3.414763491101440174e+00 -1.414763491101440174e+00
-2.684318451841397390e+00 -6.843184518413973905e-01
1.223417527523352533e+00 3.223417527523352533e+00
1.486513031404220087e+00 3.486513031404220087e+00
4.699554628312110349e-01 2.469955462831211257e+00
-2.037144574766269756e-02 1.979628554252337302e+00
-3.797361380626054661e+00 -1.797361380626054661e+00
1.666869681321105467e+00 3.666869681321105467e+00
-6.379366783036086730e-01 1.362063321696391327e+00
-1.673257099062005704e+00 3.267429009379942961e-01
-2.190180824897421274e+00 -1.901808248974212745e-01
9.502102236686567061e-01 2.950210223668656706e+00
-1.538216749216785750e+00 4.617832507832142497e-01
-5.692246338754332058e-01 1.430775366124566794e+00
-1.901137629009252539e+00 9.886237099074746126e-02
-5.945819991451983810e-02 1.940541800085480162e+00
1.138745569965608162e+00 3.138745569965608162e+00
-9.945707281665292498e-01 1.005429271833470750e+00
-1.705609050727582066e+00 2.943909492724179344e-01
-1.580593917184933694e+00 4.194060828150663056e-01
-2.148233229021757396e+00 -1.482332290217573956e-01
-6.661331534160099821e-01 1.333866846583990018e+00
-1.261299234548696191e-02 1.987387007654513038e+00
1.781224506574861977e+00 3.781224506574861977e+00
-2.267285587044381323e+00 -2.672855870443813231e-01
-1.048815245343111879e+00 9.511847546568881206e-01
4.170607337306897477e-01 2.417060733730689748e+00
-2.557681474203914007e+00 -5.576814742039140071e-01
-1.866008987200036717e+00 1.339910127999632827e-01
-6.024918786918656011e-01 1.397508121308134399e+00
-2.962438680231981536e+00 -9.624386802319815359e-01
-3.843744617043703293e+00 -1.843744617043703293e+00
-2.111706061785294963e+00 -1.117060617852949633e-01
-3.332916779121832818e+00 -1.332916779121832818e+00
-8.326811343597029236e-01 1.167318865640297076e+00
-2.555810344840367954e+00 -5.558103448403679536e-01
-2.099549364650014738e+00 -9.954936465001473778e-02
-2.505389897375095209e+00 -5.053898973750952095e-01
-2.937377633240723540e+00 -9.373776332407235401e-01
-3.753225500246358592e+00 -1.753225500246358592e+00
9.202898207346563719e-01 2.920289820734656594e+00
5.605228490996096991e-01 2.560522849099609921e+00
6.854374197943906566e-01 2.685437419794390657e+00
1.681672516366449877e+00 3.681672516366449877e+00
-1.485599865414555687e+00 5.144001345854443130e-01
2.095108409254546888e-01 2.209510840925454467e+00
1.856051784736844290e+00 3.856051784736844290e+00
-3.207343773790250374e+00 -1.207343773790250374e+00
-3.888938248266165409e+00 -1.888938248266165409e+00
1.056620368907561058e+00 3.056620368907561058e+00
-8.250236822811261028e-01 1.174976317718873897e+00
2.519033781400084049e-01 2.251903378140008627e+00
-6.565020461173314281e-01 1.343497953882668572e+00
-1.308953903549212150e+00 6.910460964507878501e-01
-2.025938133625534654e+00 -2.593813362553465396e-02
-1.754032338413408887e+00 2.459676615865911131e-01
1.178018703202275752e+00 3.178018703202275752e+00
-3.113673553145817507e+00 -1.113673553145817507e+00
-3.530503531532368733e+00 -1.530503531532368733e+00
1.345769985045111028e+00 3.345769985045111028e+00
-3.752386034652190006e+00 -1.752386034652190006e+00
1.359037515180417266e+00 3.359037515180417266e+00
-2.624037038750882012e+00 -6.240370387508820116e-01
2.144952614765158749e-01 2.214495261476515875e+00
1.500538003120606145e-01 2.150053800312060837e+00
5.828342685738694406e-01 2.582834268573869441e+00
-3.754140603905080198e+00 -1.754140603905080198e+00
-1.814132662274831276e+00 1.858673377251687242e-01
1.577504763052057335e+00 3.577504763052057335e+00
-8.419071328079517080e-01 1.158092867192048292e+00
-2.833045367411589410e+00 -8.330453674115894103e-01
1.389141527249806884e+00 3.389141527249806884e+00
-7.745238869949906402e-01 1.225476113005009360e+00
-1.302004235932430198e-01 1.869799576406756980e+00
-3.685449494280472749e+00 -1.685449494280472749e+00
-8.131336298603848434e-01 1.186866370139615157e+00
-3.752375497197864007e+00 -1.752375497197864007e+00
-1.131327809721203614e+00 8.686721902787963856e-01
-3.038007869768771130e+00 -1.038007869768771130e+00
4.439405239983438278e-01 2.443940523998343828e+00
1.856121011467908311e+00 3.856121011467908311e+00
-1.530214794602207551e+00 4.697852053977924491e-01
-2.560816898395817276e+00 -5.608168983958172760e-01
2.477598767327298113e-01 2.247759876732729811e+00
-3.045979627404912904e+00 -1.045979627404912904e+00
7.439028728286793957e-01 2.743902872828679396e+00
-2.304081978577652734e+00 -3.040819785776527340e-01
2.481982956376957983e-01 2.248198295637696020e+00
-1.977293781245462956e+00 2.270621875453704419e-02
1.892691960432090426e+00 3.892691960432090426e+00
-3.275713677386233869e+00 -1.275713677386233869e+00
-3.923109797146796751e+00 -1.923109797146796751e+00
1.248064074378000043e+00 3.248064074378000043e+00
1.577461964335988842e-01 2.157746196433598662e+00
-3.231603324929558596e+00 -1.231603324929558596e+00
-1.591336299306284729e+00 4.086637006937152705e-01
-1.453106986907078735e+00 5.468930130929212652e-01
-1.409105516315212192e-01 1.859089448368478781e+00
-1.707962681133873062e+00 2.920373188661269381e-01
-3.706548809759317997e+00 -1.706548809759317997e+00
4.784418329415585092e-02 2.047844183294155851e+00
-2.569622627730751674e+00 -5.696226277307516739e-01
-1.019689573913901803e+00 9.803104260860981967e-01
-8.247553707712125259e-01 1.175244629228787474e+00
-6.268510258120842948e-01 1.373148974187915705e+00
1.496919740680554334e+00 3.496919740680554334e+00
-2.342105099873994511e-01 1.765789490012600549e+00
-2.992345570211303318e+00 -9.923455702113033183e-01
5.690496873056569704e-01 2.569049687305656970e+00
-2.677288965093881146e+00 -6.772889650938811457e-01
-1.559762263884059585e+00 4.402377361159404145e-01
-3.958167289156294011e+00 -1.958167289156294011e+00
9.107758102788019450e-01 2.910775810278801945e+00
-1.054484306940288718e+00 9.455156930597112819e-01
-2.594662719810978402e+00 -5.946627198109784018e-01
-3.282598620578244919e+00 -1.282598620578244919e+00
-1.690540234008668818e+00 3.094597659913311816e-01
-4.578915967956733724e-01 1.542108403204326628e+00
-2.614386540937623238e+00 -6.143865409376232378e-01
-2.516707737993726823e+00 -5.167077379937268233e-01
1.393121411223365858e-01 2.139312141122336364e+00
-2.419357850802258625e+00 -4.193578508022586249e-01
9.848220652233083960e-01 2.984822065223308396e+00
-3.171430533006951435e-01 1.682856946699304856e+00
-8.397091399043290494e-01 1.160290860095670951e+00
1.217383279267331808e+00 3.217383279267331808e+00
-9.928649597229064483e-01 1.007135040277093552e+00
6.141782424593715817e-01 2.614178242459371582e+00
-2.284237401512455357e+00 -2.842374015124553566e-01
1.065778270289355234e+00 3.065778270289355234e+00
-2.988803821284006901e+00 -9.888038212840069008e-01
1.760977697178313761e+00 3.760977697178313761e+00
-1.473868356350683584e+00 5.261316436493164161e-01
-3.373262442659125782e+00 -1.373262442659125782e+00
1.914716659795591802e+00 3.914716659795591802e+00
-1.159483376811603961e+00 8.405166231883960393e-01
8.124780424142652446e-01 2.812478042414265467e+00
6.954683834107764362e-01 2.695468383410776436e+00
-1.272757885740194439e-01 1.872724211425980556e+00
1.046559153036176859e+00 3.046559153036176859e+00
-7.371369857357490396e-01 1.262863014264250960e+00
4.565069301262856261e-01 2.456506930126285404e+00
-1.792955239676698120e+00 2.070447603233018796e-01
1.469852634021343807e+00 3.469852634021343807e+00
2.322604078519041604e-01 2.232260407851904382e+00
-2.789686822355964324e+00 -7.896868223559643241e-01
-2.036233742956277126e-01 1.796376625704372287e+00
1.186750243666681470e+00 3.186750243666681470e+00
-3.195530210303966001e+00 -1.195530210303966001e+00
4.383604170756385532e-01 2.438360417075638331e+00
-7.641494234274484043e-01 1.235850576572551596e+00
1.678386822198572936e+00 3.678386822198572936e+00
-2.507892812317257913e+00 -5.078928123172579134e-01
-2.010958173337463961e+00 -1.095817333746396116e-02
4.615982933797391219e-01 2.461598293379739122e+00
-2.725714078460378609e+00 -7.257140784603786088e-01
1.844194469262337321e+00 3.844194469262337321e+00
-3.917251503915042399e+00 -1.917251503915042399e+00
-1.882728441884388371e+00 1.172715581156116293e-01
1.278836328270174683e+00 3.278836328270174683e+00
-3.489226630506784943e+00 -1.489226630506784943e+00
-1.295974459193740991e+00 7.040255408062590092e-01
-1.090764212264573096e+00 9.092357877354269036e-01
1.015248329553680939e+00 3.015248329553680939e+00
-2.911824110487685857e+00 -9.118241104876858572e-01
1.021424012851766872e+00 3.021424012851766872e+00
7.083562097647204681e-01 2.708356209764720468e+00
-2.045758883254870319e+00 -4.575888325487031949e-02
-3.483156472680320803e+00 -1.483156472680320803e+00
-1.535019916457825317e+00 4.649800835421746825e-01
1.166206399760407741e+00 3.166206399760407741e+00
-3.408023708235597304e+00 -1.408023708235597304e+00
-1.734652394216777083e+00 2.653476057832229174e-01
1.565143021016582203e+00 3.565143021016582203e+00
-3.334865817802244337e+00 -1.334865817802244337e+00
-2.917482013268388741e+00 -9.174820132683887408e-01
-9.103820749966602399e-01 1.089617925003339760e+00
8.498274036755142369e-01 2.849827403675514237e+00
-1.796001614059150597e-01 1.820399838594084940e+00
-3.761024894998488577e+00 -1.761024894998488577e+00
-2.104547664184193145e+00 -1.045476641841931453e-01
-3.907938884551464653e+00 -1.907938884551464653e+00
1.379836591936204115e+00 3.379836591936204115e+00
1.317512727306949571e+00 3.317512727306949571e+00
9.964183434612965407e-01 2.996418343461296541e+00
1.221409616266855291e+00 3.221409616266855291e+00
-6.215264288880328891e-01 1.378473571111967111e+00
1.488602160904018312e+00 3.488602160904018312e+00
5.468548044944534503e-01 2.546854804494453450e+00
-8.056874025287843466e-01 1.194312597471215653e+00
-3.127334721650051996e+00 -1.127334721650051996e+00
-2.043557392756814473e+00 -4.355739275681447253e-02
-2.606898355439489556e+00 -6.068983554394895563e-01
-2.785374985900697098e+00 -7.853749859006970979e-01
-1.398233315677191779e+00 6.017666843228082207e-01
9.324120410005096726e-01 2.932412041000509895e+00
-2.580437588197170840e+00 -5.804375881971708395e-01
1.565698400689296665e+00 3.565698400689296665e+00
5.313340994611892576e-01 2.531334099461189258e+00
-3.463675329969611028e+00 -1.463675329969611028e+00
-2.293531230373714536e+00 -2.935312303737145356e-01
1.134243016957878325e+00 3.134243016957878325e+00
-1.462982361580587920e+00 5.370176384194120800e-01
2.698797002060089323e-01 2.269879700206009154e+00
-1.049929135307912098e-01 1.895007086469208790e+00
7.880500584374448003e-01 2.788050058437444800e+00
-1.137126806804984902e+00 8.628731931950150980e-01
-3.657754656620033629e-01 1.634224534337996637e+00
-3.653381525629293414e+00 -1.653381525629293414e+00
-3.921264823831319468e+00 -1.921264823831319468e+00
-5.823516980462315473e-01 1.417648301953768453e+00
-2.718163012537278433e+00 -7.181630125372784335e-01
9.331353863341005361e-01 2.933135386334100758e+00
2.754525422608742335e-01 2.275452542260874012e+00
1.131478313085472642e+00 3.131478313085472642e+00
-1.930299459288547848e+00 6.970054071145215246e-02
-1.486234817814609865e+00 5.137651821853901346e-01
-3.205030846899432184e+00 -1.205030846899432184e+00
-2.809110641082868121e-01 1.719088935891713188e+00
-1.906398958704853985e+00 9.360104129514601468e-02
1.717058818826701305e+00 3.717058818826701305e+00
-1.834671588980547607e+00 1.653284110194523926e-01
1.171116862817627613e+00 3.171116862817627613e+00
-3.229221283199916748e+00 -1.229221283199916748e+00
-1.537760341856982294e+00 4.622396581430177065e-01
-9.389123863263311165e-01 1.061087613673668884e+00
-2.265205685064350050e+00 -2.652056850643500496e-01
8.880569926955728111e-01 2.888056992695572589e+00
-2.177431979053619848e+00 -1.774319790536198482e-01
-3.365765179549919495e+00 -1.365765179549919495e+00
-1.767095214002696313e+00 2.329047859973036871e-01
-1.768635949920183137e+00 2.313640500798168631e-01
-2.676800678090861751e+00 -6.768006780908617515e-01
2.182920486086277201e-01 2.218292048608627720e+00
5.482594747961753168e-01 2.548259474796175539e+00
-2.029719426284392725e+00 -2.971942628439272482e-02
-1.011289591033087021e+00 9.887104089669129792e-01
1.087738519706260565e+00 3.087738519706260565e+00
-1.658475379274274353e+00 3.415246207257256472e-01
-6.262180229405167609e-02 1.937378197705948324e+00
-3.081834870987533392e+00 -1.081834870987533392e+00
-5.953696022712797742e-01 1.404630397728720226e+00
-2.411232328051479357e+00 -4.112323280514793566e-01
-7.407067032870662260e-01 1.259293296712933774e+00
1.857175593881883913e+00 3.857175593881883913e+00
-2.527894707479024561e+00 -5.278947074790245608e-01
-2.593386862612065968e+00 -5.933868626120659684e-01
1.703585996318427664e+00 3.703585996318427664e+00
1.820807156268478444e+00 3.820807156268478444e+00
-3.772721141731174122e+00 -1.772721141731174122e+00
1.245764520443152890e+00 3.245764520443152890e+00
-6.281142070547809375e-01 1.371885792945219062e+00
1.724215152695563358e+00 3.724215152695563358e+00
-1.323199319274953378e+00 6.768006807250466217e-01
1.117602786793063352e+00 3.117602786793063352e+00
2.114633460293458000e-02 2.021146334602934580e+00
-3.021402974720620804e+00 -1.021402974720620804e+00
-1.710826238394247412e-01 1.828917376160575259e+00
2.216497313899488120e-01 2.221649731389948812e+00
1.342260747983161195e+00 3.342260747983161195e+00
-1.135239880019718317e+00 8.647601199802816829e-01
-4.467841194999824239e-01 1.553215880500017576e+00
-2.520183169858870365e+00 -5.201831698588703645e-01
-2.963861937478780462e+00 -9.638619374787804617e-01
-3.812523497284937335e+00 -1.812523497284937335e+00
-1.686783095495981044e+00 3.132169045040189559e-01
-2.266475884727494616e-01 1.773352411527250538e+00
-1.733517440691669353e+00 2.664825593083306465e-01
-1.392576637608996304e+00 6.074233623910036961e-01
-2.357010721617506022e+00 -3.570107216175060216e-01
-3.369128937246022915e+00 -1.369128937246022915e+00
-2.491155650984866021e+00 -4.911556509848660212e-01
1.123214159360877318e+00 3.123214159360877318e+00
6.296868997250681943e-01 2.629686899725068194e+00
-2.618442683022976780e+00 -6.184426830229767802e-01
1.293195528605084910e+00 3.293195528605084910e+00
-1.927824177335001110e+00 7.217582266499888988e-02
-8.336937376281596812e-01 1.166306262371840319e+00
-7.472560617635393143e-01 1.252743938236460686e+00
-9.485549336690093369e-01 1.051445066330990663e+00
1.164576668030736784e+00 3.164576668030736784e+00
-1.434648091378860180e+00 5.653519086211398204e-01
-1.478806622812212979e+00 5.211933771877870214e-01
-4.616192492081001575e-01 1.538380750791899843e+00
-3.855956586036735523e+00 -1.855956586036735523e+00
1.423333372633381000e+00 3.423333372633381000e+00
1.309318770841448654e+00 3.309318770841448654e+00
-2.552814526449477484e+00 -5.528145264494774835e-01
3.740048742323496267e-01 2.374004874232349849e+00
-1.903821110946604556e+00 9.617888905339544436e-02
-2.703975937751518011e+00 -7.039759377515180105e-01
-2.411053963092277819e-01 1.758894603690772218e+00
-1.385215613697280634e+00 6.147843863027193656e-01
-1.326370401775240460e+00 6.736295982247595404e-01
-2.576049529229858415e+00 -5.760495292298584147e-01
-2.498961221367546948e+00 -4.989612213675469476e-01
-3.867558744190797704e+00 -1.867558744190797704e+00
1.849480980229845084e-01 2.184948098022984730e+00
-3.922381162263490317e+00 -1.922381162263490317e+00
-3.967341910754582202e+00 -1.967341910754582202e+00
-5.226038561277572825e-01 1.477396143872242718e+00
-4.685226161845923443e-02 1.953147738381540766e+00
-5.555727563416645864e-02 1.944442724365833541e+00
1.350009872690317358e+00 3.350009872690317358e+00
-3.067404032129807057e+00 -1.067404032129807057e+00
-7.452276407852753692e-01 1.254772359214724631e+00
-8.880527887902354145e-01 1.111947211209764586e+00
-1.182986247977776184e+00 8.170137520222238159e-01
7.307736001394649072e-02 2.073077360013946269e+00
-3.008034842216665616e+00 -1.008034842216665616e+00
1.300638146953927432e+00 3.300638146953927432e+00
-1.072556702857744515e+00 9.274432971422554850e-01
7.280877274981274461e-01 2.728087727498127446e+00
-2.080443779563054818e+00 -8.044377956305481803e-02
1.427158550475631671e+00 3.427158550475631671e+00
-3.960159085968988357e+00 -1.960159085968988357e+00
-5.560950118472351988e-01 1.443904988152764801e+00
-2.480983536162736591e+00 -4.809835361627365913e-01
-8.040955557235367479e-01 1.195904444276463252e+00
-2.434306921751753450e+00 -4.343069217517534497e-01
-2.129204202769111376e+00 -1.292042027691113759e-01
9.832659650842203725e-01 2.983265965084220372e+00
1.576666215134937765e+00 3.576666215134937765e+00
-1.989926941996943199e+00 1.007305800305680066e-02
-5.817475775651352876e-01 1.418252422434864712e+00
1.364521656718627796e+00 3.364521656718627796e+00
1.327696413395627939e+00 3.327696413395627939e+00
1.913973395304610747e+00 3.913973395304610747e+00
1.567159901032318725e+00 3.567159901032318725e+00
5.381140244956559293e-01 2.538114024495655929e+00
-3.061245087171741375e+00 -1.061245087171741375e+00
-6.903111098950578395e-01 1.309688890104942161e+00
8.993626123518771998e-01 2.899362612351877200e+00
-2.402502002622771471e+00 -4.025020026227714709e-01
2.693382615006671976e-01 2.269338261500667198e+00
-1.863386588784689213e+00 1.366134112153107871e-01
4.783288036982649150e-01 2.478328803698264693e+00
-1.719537627600551843e+00 2.804623723994481566e-01
-3.309725689752690769e+00 -1.309725689752690769e+00
-1.543369978783828422e+00 4.566300212161715777e-01
-1.986405615475771658e+00 1.359438452422834231e-02
1.771018717154285937e+00 3.771018717154285937e+00
-1.454099165688509387e+00 5.459008343114906125e-01
2.004995459140881398e-01 2.200499545914087918e+00
-3.081912045174837189e+00 -1.081912045174837189e+00
-7.123328466088465483e-01 1.287667153391153452e+00
-1.391239071762822022e-01 1.860876092823717798e+00
-3.244004961366496076e+00 -1.244004961366496076e+00
1.063641957669576588e-01 2.106364195766957437e+00
-1.930827123368926923e+00 6.917287663107307694e-02
-3.638194521041016927e+00 -1.638194521041016927e+00
1.633192881499910598e+00 3.633192881499910598e+00
-1.285998710200225492e+00 7.140012897997745078e-01
-3.849925023341968178e+00 -1.849925023341968178e+00
-4.275149111019738157e-01 1.572485088898026184e+00
1.137387346674753275e+00 3.137387346674753275e+00
-1.996770849780340029e+00 3.229150219659970844e-03
-2.649039735964858977e+00 -6.490397359648589770e-01
-1.841847650651950108e+00 1.581523493480498921e-01
-2.753949836807770168e+00 -7.539498368077701684e-01
-6.662185443553254593e-01 1.333781455644674541e+00
9.866309028720876562e-01 2.986630902872087656e+00
3.988636969159742307e-02 2.039886369691597423e+00
-3.161407455749858819e+00 -1.161407455749858819e+00
-1.206305613305207025e+00 7.936943866947929749e-01
-1.776985212496051680e-01 1.822301478750394832e+00
-3.912537925260943794e-01 1.608746207473905621e+00
-7.103437705195858598e-01 1.289656229480414140e+00
-3.018514101245974857e+00 -1.018514101245974857e+00
-3.890601445775627276e+00 -1.890601445775627276e+00
-3.343585930873961942e+00 -1.343585930873961942e+00
-1.463687242965088231e+00 5.363127570349117690e-01
-1.037888543273806974e+00 9.621114567261930262e-01
-1.021057693077931816e+00 9.789423069220681839e-01
-5.054691238045458945e-01 1.494530876195454105e+00
-3.573098187796353464e+00 -1.573098187796353464e+00
-3.541573545389223199e+00 -1.541573545389223199e+00
1.215417687098204524e+00 3.215417687098204524e+00
-2.028345732828933379e-01 1.797165426717106662e+00
-3.550825457221538528e+00 -1.550825457221538528e+00
-2.922984448707399707e-02 1.970770155512926003e+00
1.886599584008810560e+00 3.886599584008810560e+00
6.522233132017296597e-01 2.652223313201729660e+00
-2.936953301424270357e+00 -9.369533014242703572e-01
-2.608218928713325724e+00 -6.082189287133257238e-01
-2.970558404930121021e+00 -9.705584049301210214e-01
-2.840071961218577634e+00 -8.400719612185776342e-01
2.425592494105748287e-01 2.242559249410574829e+00
-3.123490257869486086e+00 -1.123490257869486086e+00
-3.738704247132059066e+00 -1.738704247132059066e+00
-3.695853551897561928e+00 -1.695853551897561928e+00
-3.209663723557609316e+00 -1.209663723557609316e+00
-8.651741947074507166e-01 1.134825805292549283e+00
-6.785847795034252172e-01 1.321415220496574783e+00
-9.489324612446274898e-01 1.051067538755372510e+00
1.681887333477146473e+00 3.681887333477146473e+00
-1.610135808083456688e+00 3.898641919165433123e-01
-3.223153767014165894e+00 -1.223153767014165894e+00
-1.627596943123244433e+00 3.724030568767555671e-01
1.658092636674899367e-01 2.165809263667489937e+00
-3.122348614712056936e+00 -1.122348614712056936e+00
7.268173844801444350e-01 2.726817384480144213e+00
-1.564720995219301525e+00 4.352790047806984752e-01
1.229632912057855521e+00 3.229632912057855521e+00
1.354214850553519423e+00 3.354214850553519423e+00
-2.339971937068854757e+00 -3.399719370688547571e-01
1.740139543774979813e+00 3.740139543774979813e+00
-1.040224501591322070e+00 9.597754984086779295e-01
-9.081167010800852424e-01 1.091883298919914758e+00
-1.304551525898957287e+00 6.954484741010427129e-01
-3.687163837268445654e+00 -1.687163837268445654e+00
6.607761780598231383e-01 2.660776178059823138e+00
-3.202685098034462108e+00 -1.202685098034462108e+00
-2.215567791988526380e-01 1.778443220801147362e+00
1.135213911680480692e+00 3.135213911680480692e+00
-3.254182533464494043e+00 -1.254182533464494043e+00
-2.574704765859774369e-01 1.742529523414022563e+00
6.831218357852244516e-01 2.683121835785224452e+00
1.142169989712248146e+00 3.142169989712248146e+00
-3.537781606631971165e+00 -1.537781606631971165e+00
-3.696249268274303112e-01 1.630375073172569689e+00
8.463900693615016291e-01 2.846390069361501851e+00
-1.130097662840156225e+00 8.699023371598437748e-01
1.896891306065875415e+00 3.896891306065875415e+00
-3.167318805677885152e+00 -1.167318805677885152e+00
5.642775658302929820e-01 2.564277565830292982e+00
-3.942576337402016406e+00 -1.942576337402016406e+00
-3.185555359885237969e+00 -1.185555359885237969e+00
-3.908112523825248985e+00 -1.908112523825248985e+00
-6.318990014888181683e-01 1.368100998511181832e+00
5.698913925556683413e-01 2.569891392555668119e+00
5.444190805858484250e-01 2.544419080585848647e+00
1.512813730863325823e+00 3.512813730863325823e+00
-3.508798626672092524e+00 -1.508798626672092524e+00
-1.383216040288982818e+00 6.167839597110171823e-01
7.009201002057796615e-01 2.700920100205779661e+00
-3.365525671767031213e+00 -1.365525671767031213e+00
-1.502887638695344030e+00 4.971123613046559697e-01
-3.125151603365495134e+00 -1.125151603365495134e+00
-2.114275832800512234e+00 -1.142758328005122337e-01
-5.389716343082366912e-01 1.461028365691763309e+00
1.449031800953744842e+00 3.449031800953744842e+00
-3.420381317747880345e+00 -1.420381317747880345e+00
1.272530185142474402e+00 3.272530185142474402e+00
-3.918763376096327633e+00 -1.918763376096327633e+00
-3.561086741138023370e+00 -1.561086741138023370e+00
-3.200573816520265957e+00 -1.200573816520265957e+00
1.874711955019943588e+00 3.874711955019943588e+00
-3.522212582641628842e+00 -1.522212582641628842e+00
-3.622934792245164459e+00 -1.622934792245164459e+00
7.098490994421235989e-01 2.709849099442123599e+00
6.632063949905464550e-01 2.663206394990546677e+00
-3.715013223918389507e+00 -1.715013223918389507e+00
-1.839612777520238218e+00 1.603872224797617818e-01
-3.976240321422043422e+00 -1.976240321422043422e+00
-1.700137083209895650e+00 2.998629167901043502e-01
-1.626261641502351196e-01 1.837373835849764880e+00
3.956095737889691044e-01 2.395609573788969104e+00
-6.101420765057765649e-01 1.389857923494223435e+00
-3.447627166717026626e-02 1.965523728332829734e+00
-3.360019197066824503e+00 -1.360019197066824503e+00
-3.506018470962998457e+00 -1.506018470962998457e+00
-1.902774312320576477e+00 9.722568767942352252e-02
-8.511236291577679580e-01 1.148876370842232042e+00
1.474931376954715212e+00 3.474931376954715212e+00
-3.621116938003350327e+00 -1.621116938003350327e+00
3.016547255568826635e-01 2.301654725556882664e+00
-3.719160332184881845e+00 -1.719160332184881845e+00
-3.894039200663019784e+00 -1.894039200663019784e+00
-2.357463819871131960e+00 -3.574638198711319603e-01
-1.041141241928652761e+00 9.588587580713472391e-01
-3.676255845475819406e+00 -1.676255845475819406e+00
1.745684583325013417e-01 2.174568458332501564e+00
5.880082507678412451e-01 2.588008250767841467e+00
-3.643603598094053986e-01 1.635639640190594601e+00
1.745716812984730471e+00 3.745716812984730471e+00
-1.704483471241375447e+00 2.955165287586245526e-01
1.316254413199341666e+00 3.316254413199341666e+00
-1.154480676023179164e+00 8.455193239768208358e-01
-2.851699786762647904e+00 -8.516997867626479035e-01
1.258019855300617884e+00 3.258019855300617884e+00
-9.791784049642560106e-02 1.902082159503574399e+00
-3.809353461314587186e+00 -1.809353461314587186e+00
1.419288030982521320e+00 3.419288030982521320e+00
-1.863133230865190448e-01 1.813686676913480955e+00
-3.271846648520360112e-01 1.672815335147963989e+00
-2.655041129637957020e+00 -6.550411296379570203e-01
-5.693881899739734465e-01 1.430611810026026554e+00
-1.245609676543275590e+00 7.543903234567244098e-01
-3.670241549765756339e+00 -1.670241549765756339e+00
9.898643514430589541e-01 2.989864351443058954e+00
6.392802498385503629e-01 2.639280249838550141e+00
-2.551008160601512031e+00 -5.510081606015120315e-01
1.625244811769254838e+00 3.625244811769254838e+00
-2.886522806638283534e+00 -8.865228066382835337e-01
-3.726743051412231722e+00 -1.726743051412231722e+00
9.225853181924403845e-01 2.922585318192440162e+00
-2.608749929540094215e+00 -6.087499295400942145e-01
-2.317559353941840428e+00 -3.175593539418404276e-01
-2.147646882872850327e+00 -1.476468828728503269e-01
-2.656438153925930301e+00 -6.564381539259303011e-01
