-5.507296638615026829e-01 1.449270336138497317e+00
-2.753685655298557577e+00 -7.536856552985575775e-01
8.476200415808612387e-01 2.847620041580861461e+00
-1.172311506199037012e+00 8.276884938009629877e-01
1.215738302118716696e+00 3.215738302118716696e+00
-3.634367414254504602e+00 -1.634367414254504602e+00
-3.495019137294026024e+00 -1.495019137294026024e+00
-9.012391112133149029e-01 1.098760888786685097e+00
1.115261349234848431e-01 2.111526134923484843e+00
-7.291750109145036518e-01 1.270824989085496348e+00
-2.485448856309371735e+00 -4.854488563093717346e-01
-1.976274855713779033e+00 2.372514428622096716e-02
2.915740059343829849e-01 2.291574005934382985e+00
-5.246641843021295770e-01 1.475335815697870423e+00
-4.239652166275851286e-01 1.576034783372414871e+00
-6.374624051699768756e-01 1.362537594830023124e+00
-3.058972277270527229e+00 -1.058972277270527229e+00
-3.649097271905848316e+00 -1.649097271905848316e+00
-1.429479458077776322e+00 5.705205419222236785e-01
-4.819146358858361623e-01 1.518085364114163838e+00
-4.754163696990421073e-02 1.952458363030095789e+00
-8.142150331625872539e-01 1.185784966837412746e+00
-3.466061768792373599e+00 -1.466061768792373599e+00
-8.626017755840909018e-02 1.913739822441590910e+00
1.932077911906374901e+00 3.932077911906374901e+00
-1.305948093770094687e+00 6.940519062299053132e-01
-2.143496073230119592e+00 -1.434960732301195918e-01
1.687630157987322299e+00 3.687630157987322299e+00
-3.287571049309416793e+00 -1.287571049309416793e+00
9.413128907202599205e-01 2.941312890720260143e+00
-3.681204173243743938e-01 1.631879582675625606e+00
-1.626416593450451309e+00 3.735834065495486911e-01
-1.243963899295902564e+00 7.560361007040974357e-01
-3.886777586107915461e+00 -1.886777586107915461e+00
5.846116646490713276e-01 2.584611664649071550e+00
1.651022436879848065e+00 3.651022436879848065e+00
-2.120943177812652181e+00 -1.209431778126521806e-01
-5.271998362743191002e-01 1.472800163725680900e+00
-4.102559558083651581e-02 1.958974404419163484e+00
4.905315630929996118e-02 2.049053156309299961e+00
-2.353150939004123643e+00 -3.531509390041236429e-01
-1.853493443480712877e+00 1.465065565192871233e-01
-3.471287866527409172e+00 -1.471287866527409172e+00
2.043002103278257486e-01 2.204300210327825749e+00
-2.353302720005019388e-01 1.764669727999498061e+00
-3.420784930823200121e+00 -1.420784930823200121e+00
8.200549495243041331e-01 2.820054949524304355e+00
1.511138406998574268e+00 3.511138406998574268e+00
-3.159764770328873595e+00 -1.159764770328873595e+00
2.256369380134901625e-01 2.225636938013490163e+00
-1.695040784831061131e+00 3.049592151689388686e-01
-3.414259870933418206e+00 -1.414259870933418206e+00
-1.800423679298780222e+00 1.995763207012197782e-01
5.216752594286067080e-01 2.521675259428606708e+00
2.668979912033786484e-01 2.266897991203378648e+00
9.924716302142364555e-01 2.992471630214236455e+00
-1.045553059955718123e+00 9.544469400442818774e-01
1.924499465576152701e+00 3.924499465576152701e+00
-1.174400735685856567e+00 8.255992643141434328e-01
1.700590276280129043e+00 3.700590276280129043e+00
-2.205684438936379443e-01 1.779431556106362056e+00
-1.878625530171834868e+00 1.213744698281651324e-01
1.696299886250242750e+00 3.696299886250242750e+00
1.901176858748487852e-01 2.190117685874848785e+00
-2.658525610794500338e+00 -6.585256107945003379e-01
-1.284645449319690158e-01 1.871535455068030984e+00
-3.840629590884118372e+00 -1.840629590884118372e+00
-1.802936735397494772e+00 1.970632646025052281e-01
1.324989467188174785e+00 3.324989467188174785e+00
4.209390435311688439e-01 2.420939043531168622e+00
1.246442981018835994e+00 3.246442981018835994e+00
1.958581211292849122e+00 3.958581211292849122e+00
-1.116787985876692701e-01 1.888321201412330730e+00
-1.841121909503403486e+00 1.588780904965965135e-01
-2.332297947913001046e+00 -3.322979479130010461e-01
-5.805593247638323184e-01 1.419440675236167682e+00
-2.940071192910572506e+00 -9.400711929105725062e-01
-1.612916038021863674e+00 3.870839619781363261e-01
-9.616235872948273311e-01 1.038376412705172669e+00
-9.114106786916442715e-01 1.088589321308355728e+00
-3.659963638901651883e+00 -1.659963638901651883e+00
1.491226297306633697e-01 2.149122629730663370e+00
-4.153545313692985630e-01 1.584645468630701437e+00
-1.955906490478354520e+00 4.409350952164547977e-02
5.548986275267422386e-01 2.554898627526742239e+00
8.906153828538196926e-01 2.890615382853819693e+00
7.894568420627254834e-01 2.789456842062725705e+00
1.843248401511627943e-01 2.184324840151163016e+00
-2.750382782903152190e+00 -7.503827829031521901e-01
-3.588825494862809329e+00 -1.588825494862809329e+00
1.311198308284621028e+00 3.311198308284621028e+00
1.604922772319172353e+00 3.604922772319172353e+00
-3.392693029109641323e-01 1.660730697089035868e+00
-1.620820995441866863e+00 3.791790045581331370e-01
-2.797001302199721096e+00 -7.970013021997210956e-01
-1.906983108296513407e+00 9.301689170348659275e-02
-2.148884825958717215e+00 -1.488848259587172151e-01
-4.973153559856555717e-01 1.502684644014344428e+00
-6.267129746562338788e-01 1.373287025343766121e+00
-3.180168485159818204e+00 -1.180168485159818204e+00
