-4.506588389075483203e-01 7.432889604943974105e-01 4.943967355491523663e-01
-4.894338274010968104e-01 -2.750563492249351594e-01 -8.275255484554924212e-01
-9.607005602069569328e-01 1.397109690936258926e-02 2.772349943084178037e-01
-2.633827641042063017e-01 -9.274662923380928570e-01 2.653974305630321662e-01
6.536096185887448895e-01 -4.623403683652373974e-01 5.991960032144507675e-01
2.100085718136845969e-01 5.666388941284140612e-01 -7.967538913778233756e-01
7.129891165312616241e-01 1.012557382940001451e-02 7.011019843522028339e-01
-1.333907869420725145e-01 7.108249950271245954e-01 6.906046078644876296e-01
4.510800383143225289e-01 -9.226902632174910357e-02 8.877010903541717735e-01
6.855169658911763886e-01 -6.835997344838309342e-01 -2.505152540046045595e-01
-8.548677090592131655e-01 -4.099394527709778191e-01 -3.180422064281466232e-01
7.306074703890439448e-01 2.924028730519449004e-01 6.170196788131565580e-01
-5.312593904607778583e-01 -5.981385677241314765e-03 8.471881037128784486e-01
-4.309125087628670747e-01 7.146760081471704718e-01 -5.509560900566554675e-01
9.514013874747504484e-01 -2.828896851848596850e-01 -1.216915195366168462e-01
7.620920925235952215e-01 -1.175135174969829249e-01 6.367151762903834333e-01
-4.426098966281113434e-01 -5.078984288711970718e-01 7.390099223670965056e-01
8.480392399939369330e-01 -4.215970307420147667e-01 -3.210691375701230088e-01
6.442910365578580212e-01 -4.185978914163134279e-01 6.400506741758944518e-01
1.484682436725569821e-01 -7.486215957638180374e-01 -6.461601093976790944e-01
2.840197997828179943e-01 -8.181357114519229867e-01 4.999867108017809758e-01
5.546911566072437738e-01 -6.507001389073846509e-01 5.185624841883843539e-01
-5.585933316625614209e-01 -3.552165009899366233e-01 -7.495296706912848439e-01
-6.372978251164891361e-01 -7.308890512202838030e-01 -2.442389749980665992e-01
-4.804133575700912373e-01 6.346528742228279008e-01 6.053253134546208170e-01
7.982610590806138440e-01 3.711194485500151630e-01 4.743939675664405886e-01
-6.718989850670687991e-01 5.967253505214369369e-01 -4.387147249761641499e-01
6.919523892853640668e-01 7.009318019368814268e-01 1.729060438382434561e-01
9.065246229691387159e-01 -3.146002886883206284e-01 -2.814955884341462378e-01
3.863495533884474531e-01 7.523267856663736763e-01 5.336088737694016926e-01
-5.453345258893648184e-01 -8.255903943000353351e-01 -1.449508734452259195e-01
-7.073793732736692874e-01 -4.582535282434339052e-01 5.381618029174823903e-01
7.262114405382106286e-01 -3.115702388122623123e-01 6.128139439649581410e-01
-6.303869556355160553e-01 -6.943482236458653478e-01 -3.471207721880343877e-01
-1.661544978939559214e-01 7.462199533156755882e-01 6.446304864828829029e-01
-5.163801427968321978e-01 -5.203269894804364304e-01 6.801554029362326670e-01
-3.484634179850390479e-01 -5.084119607642815231e-01 7.874582684041120384e-01
1.230369170062506623e-01 9.077373400610407872e-01 -4.010920574039122943e-01
-3.830160871366632136e-02 -6.239125122769785259e-01 -7.805550357240509385e-01
-3.817407645056846710e-01 3.285331129156227742e-02 9.236853623674000646e-01
-3.923932170915559459e-01 -7.693712712641511686e-01 5.040787737387113498e-01
4.443406832826263808e-01 -2.301016923459832941e-01 -8.658028461257465391e-01
9.010132257423540958e-01 5.396612027971064984e-02 -4.304216826547118679e-01
9.201363286932442431e-01 -3.029319231396155332e-01 2.481559722469960649e-01
-8.862731157026641771e-02 -6.147169682096221832e-01 -7.837526705785423653e-01
-3.946907013242951234e-01 7.263644419221927384e-01 5.626845899784331806e-01
4.434459983266739180e-01 7.003777594261278994e-01 5.593090743670232623e-01
9.188979165593424980e-01 -3.348857070559297933e-01 -2.085142253002174595e-01
1.070212975513503556e-01 -5.933909172491671491e-01 7.977679243969498790e-01
-6.180770603315247635e-01 -7.436662818508767980e-01 -2.548356504299059133e-01
-5.922250205433380321e-01 8.056199283465068639e-01 -1.568617523209998171e-02
-7.533754301092701056e-01 -1.359328326299243106e-01 6.433876951892049112e-01
-8.853014308180755521e-01 -3.922537301836476753e-01 -2.497566570653972362e-01
5.605686949209766068e-01 7.814970494695147041e-01 -2.739071009394165590e-01
-6.533957321082581871e-01 -6.445916840593000074e-01 -3.969579047006229211e-01
-2.533033534799341013e-01 -7.288882246122979636e-01 -6.360498149809901136e-01
7.100756690445457764e-01 4.723091020112077931e-01 -5.222228033974647410e-01
8.625618062967780331e-01 5.019716170495360785e-01 -6.333739807344186679e-02
-3.824226475585177365e-01 -3.551544576718028701e-01 8.530054101998305605e-01
-7.447337225515698877e-01 -1.937813858615746176e-01 6.386082186975428066e-01
3.088091328034221483e-01 7.649513094669373459e-01 5.652312921645582522e-01
7.313932560977794983e-01 -1.255842085552241194e-01 6.702928550240156991e-01
6.555980732560554580e-01 -4.156635143859245263e-01 6.304086049153280191e-01
8.856322961315186149e-01 4.635210312388068354e-01 2.834942059597030106e-02
3.770333416561884587e-01 1.703381998845101830e-01 -9.104014262618839171e-01
6.129646653321749739e-01 4.911519724282301658e-01 -6.189055332068650328e-01
-2.019772708144572659e-01 3.444410435372594614e-01 -9.168236196790018333e-01
3.981824659612829276e-01 4.713320694743555195e-01 7.869541308653338341e-01
-8.241101561960768596e-01 -2.168759717123895092e-01 5.232659585223221610e-01
-4.183033528265861500e-01 5.092297552426900964e-01 -7.521352015359382692e-01
-7.092743002708258304e-01 6.406965393931783881e-01 2.940032506366822562e-01
7.088697913562448383e-01 -3.322209121838909374e-01 6.222000356880875716e-01
-1.568285328445424287e-01 8.579352987059042368e-01 4.892359701823232321e-01
2.030168109888864925e-01 6.266394623786061269e-01 7.524009294556687211e-01
-6.867111689264069341e-01 6.109412184761147113e-01 -3.939271481361089622e-01
-1.738256812451957622e-01 8.709520864103125204e-01 4.595944905209017328e-01
8.179297664289396363e-02 -4.889851900707978816e-01 -8.684488429742541760e-01
-9.918698193133622665e-01 5.060091832805523743e-02 -1.167639010980524583e-01
5.544353955627441266e-01 -5.801674023568151872e-01 -5.966633702429944286e-01
-5.396039532238851022e-01 -8.413656476568891485e-01 3.051918426266625461e-02
-1.054636525028808530e-01 6.011377418518196181e-02 9.926045295856574802e-01
-1.166097885628147729e-01 6.042365570718057910e-01 -7.882260718279661127e-01
-5.436034767278583590e-01 6.332174223840324467e-01 -5.509364356064195833e-01
5.454829578680845392e-01 4.010212072914643988e-01 -7.359553885786704885e-01
5.599631694359196166e-01 1.406310647992634333e-01 8.164950413129923312e-01
7.220555467377063330e-01 6.831789614322670845e-01 -1.090976355456012570e-01
-5.845391780042301644e-01 -6.093515851326827271e-01 -5.357280980818776017e-01
8.882769321057488732e-01 -1.047608137491840702e-01 4.472015918927477185e-01
6.447009967210322046e-01 6.988601368590896534e-01 3.097662569361006590e-01
-6.263931571261481812e-01 5.479887916395314029e-01 -5.543824464600073387e-01
7.069506395751969929e-01 -7.017694173274920955e-01 8.797998697460715500e-02
3.593117451347638824e-01 -9.239425215962818738e-01 1.312451393176704006e-01
-6.035554211653698653e-01 2.895780492017449581e-01 7.428764412756705404e-01
5.855083146741897338e-01 -6.460872276968703254e-01 4.896440622067854131e-01
-6.170302289978620847e-01 6.861515670693643099e-01 3.853176916663722529e-01
-4.622972249622347429e-01 7.955797968577618118e-01 3.915789353680551033e-01
7.744412390642901878e-01 2.123251195217060183e-01 5.959520205995280095e-01
-1.776806764973432595e-01 5.731417109000349619e-01 7.999613468324748844e-01
2.039938787353227367e-01 -6.365264917177223536e-01 -7.437879555223027017e-01
-7.749479859338308518e-01 5.108834630794704124e-01 -3.720936793994578107e-01
