-6.016627835836863003e-01 5.725499043697604984e-01 -5.569456902216842753e-01
1.531607905465113550e-01 -9.731493353311918559e-01 -1.718200901630162480e-01
1.523031113932168945e-01 2.278912785306394170e-02 -9.880710591408099486e-01
7.187739572694912260e-01 4.993378153872429781e-01 4.837620742425465803e-01
4.109611252765325573e-01 -8.620277806761829087e-01 2.966800614364585864e-01
-7.887992659077192048e-01 -4.144972665245929000e-01 -4.538587160638030693e-01
4.680955051146498680e-01 -7.726890427845590770e-01 -4.287636193197164047e-01
-5.895140231099390560e-01 -4.684160340237396025e-01 -6.580726674359034245e-01
2.941994015289263187e-01 1.815455216307632347e-01 -9.383431865345618350e-01
-7.023061219637559693e-01 6.482329124178386193e-02 7.089175212708546114e-01
2.527903330819665784e-01 8.961429342587303726e-01 -3.647257721610322467e-01
9.509382842432486660e-01 -2.538553237764285542e-01 -1.768441521534458161e-01
5.638857939288741683e-01 -7.203666850702258317e-01 4.038621676341289102e-01
-3.531398237398082340e-01 9.338028188594307277e-01 -5.748530576763272865e-02
-5.448987992284506365e-01 -5.193215371640247380e-01 6.583239625267996997e-01
-4.454467771342656146e-01 7.149997636474043627e-01 5.388436755914018939e-01
-1.554411635574165784e-01 -6.649898903898208147e-01 -7.304974266561453655e-01
-6.049555902413397135e-01 -1.234200143722503223e-01 -7.866360237670950717e-01
-6.231745639623988975e-01 -3.703713000116506948e-01 6.888240435393887529e-01
-2.778422890705129489e-01 8.199903817472223855e-01 -5.004192604667631050e-01
-9.928429702143498625e-01 -1.091067967955573065e-01 4.856483696009675916e-02
2.816014092151655421e-02 2.368156910902015633e-01 -9.711464024114749849e-01
-3.878814960040277704e-01 -4.754667095694806722e-01 7.896070878284012773e-01
-5.712858117961255866e-01 1.899459912569263220e-01 -7.984691864097608338e-01
-3.695183301285662192e-01 -9.042140644727230114e-01 -2.141334380910983604e-01
-5.223046490977544254e-01 -7.403855573291925340e-01 -4.231159179577300145e-01
-5.421503803418673550e-01 -3.272143927667999219e-01 7.739532972094783636e-01
7.335287126746636854e-01 -1.503845007910137033e-01 6.628122883620132244e-01
3.703927784239578469e-01 7.430616852711161568e-01 5.573764630601382164e-01
1.326732088765428773e-02 9.462508214460069178e-01 3.231615093250142512e-01
-7.812941701246813864e-01 5.093840530711248871e-01 3.607039037853884689e-01
-1.165265810824460263e-01 -1.832723736489050292e-01 -9.761315449048515447e-01
-8.443986686139360875e-01 -4.033704846868787497e-01 -3.525381405273546598e-01
-3.549713089720633596e-01 -2.134406639691124041e-01 -9.101859440636757004e-01
9.699813675796484791e-01 1.557288195722129343e-01 1.867744128700712380e-01
-7.044125887348735571e-01 4.112257824796410888e-01 5.785293948070751036e-01
-4.019082131835313154e-01 4.681563957424232369e-01 -7.869557657842560783e-01
2.554868072041133753e-01 -7.209559569158348058e-01 -6.441653510801563787e-01
-3.096663324250454319e-01 -6.560160356308883944e-01 -6.882947940799453157e-01
7.081748387572657233e-01 -4.805461559258247251e-01 -5.172656858675567237e-01
-3.421530723811580521e-01 6.676966213351644974e-01 6.611448380784198386e-01
6.714832259212304422e-01 1.342681902361338164e-01 7.287539573800825288e-01
-9.238525685157389367e-01 -3.811602772171346354e-01 3.483209322778144795e-02
-5.424598115337594395e-01 5.839273412078430647e-01 -6.039587842400320206e-01
4.711632834664714747e-02 -5.190889252386641228e-01 8.534206110105964083e-01
7.167615444783512757e-01 5.421061944618668083e-01 4.386043345466172916e-01
2.336901565121822510e-01 9.718828574984713642e-01 -2.885519103935488619e-02
5.179304724140114669e-01 -8.548558257448509723e-01 3.113748440526109551e-02
-6.691141544282128706e-01 4.725009354419643787e-02 -7.416560368552814753e-01
-5.150359702921409877e-01 -1.375270770461886061e-01 8.460639765315413063e-01
7.277707331579535976e-01 6.692833325252336429e-01 1.496982991307921618e-01
-1.390336302776072896e-01 -4.754507351598137865e-01 -8.686865073706522278e-01
-6.851036297039526657e-01 4.863595174486846223e-02 7.268201708568221564e-01
7.001617822823429371e-01 -6.903241724657352973e-01 1.822800470175241772e-01
-6.525708251082963374e-01 7.189277032221258468e-01 2.393622270894805448e-01
-7.474530297837757020e-01 -5.605192727595211810e-01 3.565559046379567776e-01
4.709175804282884070e-01 2.428190174600597037e-02 8.818429688392166454e-01
-6.398795492711233379e-01 7.616883381029176947e-01 1.019070067394739626e-01
3.725554965895410131e-01 -6.030042358673077807e-01 7.053993857999911743e-01
-1.047394021371874789e-01 8.287406908427675800e-01 -5.497440540664328967e-01
6.405525633885109649e-01 5.090669339873119537e-01 5.749289262658172639e-01
8.887669310699493064e-01 3.902629487621376847e-01 -2.403917075524547586e-01
5.983746807248749855e-01 -7.955997209743809195e-01 9.470388298740128885e-02
-1.250049943786249174e-01 2.872897091015440552e-01 -9.496517121685982277e-01
-7.432593398731184298e-01 1.962668677767691605e-01 -6.395661578792866120e-01
-4.278264090408053777e-01 8.611115455751769954e-01 2.746843093523533286e-01
-8.326529087811082031e-01 -5.137243309554988535e-01 -2.068246728093253439e-01
-8.600338308381356711e-01 3.652070670836228272e-01 3.563223371696744857e-01
4.288093385098759591e-01 8.744538858278729787e-01 2.268324332348790329e-01
2.200126299370552541e-01 -7.668140023964564733e-01 6.029848492266680626e-01
6.218949634478057042e-01 3.158229996951626983e-01 7.165908786063367453e-01
-1.742064546707926542e-01 -3.977868934175061710e-01 9.007872659936321247e-01
2.496497367186242267e-01 -8.663284931119610843e-02 9.644530877012863490e-01
6.791963358670587425e-01 7.138595193473163958e-01 -1.705782048855599142e-01
-7.122579610255974636e-01 3.962309794742128188e-01 -5.793872693290427200e-01
1.606022316544063189e-01 -6.443737996931592216e-01 7.476558897357958866e-01
5.583605099131467853e-01 6.604150952748145675e-01 -5.020811118760477587e-01
5.001110806295292477e-01 2.250790464253445422e-01 -8.361987382744739961e-01
3.941711389411869382e-01 -6.247262593976793399e-01 6.740520855577787351e-01
-6.324561665098946683e-01 6.325198520169592609e-01 4.471217219595264858e-01
-1.763625578957285500e-01 -9.745612039584520270e-01 1.382993416887010885e-01
5.330509435474540814e-01 7.500844049986304940e-01 -3.914461354529121251e-01
3.810492850851388558e-01 -6.810529754329022190e-01 6.252745692814440925e-01
-8.765589941910966187e-01 -1.973500419129269323e-01 -4.389729953649301741e-01
8.501741126368470569e-01 -5.229242636963564728e-01 6.127146676694578825e-02
-1.888957853890449734e-01 -9.774722084583294945e-01 -9.416190287930656377e-02
7.900426217834726206e-01 5.407941613887027321e-01 2.887461355124718576e-01
2.787855536651286381e-01 7.576348110010292514e-01 5.901424474032199718e-01
4.679054636530905475e-01 -4.200537390711273772e-02 -8.827797152441316797e-01
-6.610027011861250301e-01 -5.328088884930756164e-01 5.283844408831693817e-01
-5.120030527513633745e-01 8.252903134019300424e-01 -2.382200087696849933e-01
1.307552252476781030e-01 -6.752344542040547015e-01 7.259211409830831352e-01
-3.329626755590385512e-02 1.309856228859439600e-02 9.993596881167547963e-01
1.264844725223136235e-01 -6.306902593454974948e-01 -7.656575441915669522e-01
-4.156168857044091744e-05 8.718774828753539374e-01 -4.897240581465881482e-01
-3.492865159611573400e-01 5.625719052464417391e-01 -7.493408978529763065e-01
-8.698708151362758434e-01 2.602020833827566326e-01 4.190699712189170367e-01
-2.698001218807020707e-01 4.060354648996803428e-01 -8.731226119376699346e-01
-8.725175405303939868e-01 -1.973124099254031649e-01 -4.469686279329029843e-01
4.300305542021872207e-01 -1.226502590984500374e-01 -8.944443171017651961e-01
5.563948964417870374e-02 -5.499492714375574520e-01 8.333426942365517176e-01
-6.983228296408783287e-02 8.726719092498452790e-01 -4.832878966643519014e-01
5.638153705576017805e-01 7.565860244990126882e-01 3.311945281187080314e-01
7.374327273052175835e-01 9.323236986027162720e-02 -6.689549296547759871e-01
-3.981818561206280083e-01 -7.592019969048032779e-01 -5.148432162824818636e-01
7.098069106287537844e-01 6.128288213909421911e-01 3.472966819539929362e-01
3.126354974693408284e-01 6.195680359121059633e-01 7.199961767940946666e-01
5.900716863057007266e-01 -7.915323258423281327e-01 1.590345313665589566e-01
-8.745450562685771478e-01 -2.836478017019502529e-01 3.933381104671178075e-01
2.890265052779915078e-01 6.054165523387492476e-01 -7.415756720666164536e-01
-9.904852381823536778e-01 -7.488969178740301040e-03 -1.374150948167125186e-01
-3.606681418885754331e-01 -4.576743064602721289e-01 8.126824229874490824e-01
2.929302223621394474e-01 -8.692035076979578445e-01 3.983430017364853470e-01
-5.166212478245122419e-01 5.773754311382784943e-01 -6.322500279273468582e-01
4.227681617046874507e-01 -7.742349455890168430e-01 4.709854886061899948e-01
5.270285180743807807e-01 1.663581954284898065e-02 8.496847595693711730e-01
-6.353985174568950178e-01 -3.135683496910731671e-01 7.056511985999858183e-01
5.843650704499138149e-01 7.325259546226777774e-01 3.491750137713207081e-01
-6.502981051761819176e-01 -3.388819162621263814e-01 -6.799054502169964431e-01
8.800606112658345692e-01 -3.832697724875550049e-01 2.803526386459443964e-01
-6.986307948889755037e-01 -3.594950451993800811e-01 -6.186099941884981579e-01
-6.987060476295173794e-01 2.862011812639534206e-02 -7.148361685340003380e-01
-3.361489246040764989e-02 -1.509226974690903722e-01 -9.879738753598339418e-01
-1.455046921901993751e-01 8.830096474933349926e-01 -4.462312707378670029e-01
3.524727733743581726e-01 1.540197572486418365e-01 -9.230605930310630258e-01
-3.318241888912996096e-01 -7.484593252712786748e-01 5.741962609431494613e-01
6.943204901718833533e-01 -3.268257828813373456e-01 -6.411738957345943790e-01
3.485030835956887674e-01 -8.400765763911995920e-01 -4.157125768161668566e-01
7.133089854925582785e-01 2.925017812021935559e-01 6.368932400403707339e-01
3.083146397214858725e-02 4.520942783235205042e-01 -8.914371454771611303e-01
-4.216241826771158774e-01 -4.001384257331561112e-01 -8.137089705992218702e-01
-6.720692964319647800e-01 7.399856826342128269e-01 -2.727728523555627074e-02
-4.875575750315756518e-01 -6.516963007029686894e-01 -5.810159573362810859e-01
-3.758282131308472440e-01 -8.955361259301231058e-01 -2.382607843707002515e-01
6.887511759574067582e-01 -4.206143228944774770e-01 -5.905128355872627521e-01
6.382470242047653119e-01 -6.081077960158796092e-01 4.720652968800725935e-01
3.850427222196704108e-02 2.147227763029490588e-01 9.759157496205347337e-01
2.202825452562129915e-01 -4.204098574616190742e-01 -8.801881344374881122e-01
-6.310075786269430109e-01 3.674466456136526449e-01 6.832367074028129483e-01
-4.937044111989417061e-01 -6.014272403452537441e-01 -6.281251697977072723e-01
-4.614097186452682520e-01 -7.541102635613217142e-01 4.673529522011907189e-01
1.082479627467300941e-02 -5.181124810910305856e-01 -8.552439890015645085e-01
-4.506203157335612053e-01 -8.495924595313767425e-01 -2.741057893507749532e-01
6.784315647073618782e-01 7.234052632588749976e-02 -7.310933321126750206e-01
4.761947687039298494e-01 -5.578152930561798284e-01 -6.797651367138940470e-01
5.569338162768071587e-01 7.143082935489749596e-01 -4.237786993874314012e-01
6.448080901738642012e-01 1.202984682900987146e-01 7.548183923126077222e-01
6.403114021300144731e-01 7.926607191650501816e-02 7.640145274438322476e-01
-2.345012356454727054e-01 5.386203997868579396e-01 8.092572121483946335e-01
7.637673001482118140e-01 5.056260737494001622e-01 4.012502769707177452e-01
7.607080252094756689e-01 3.761613922705132618e-01 5.289857345401752786e-01
7.323986258403114569e-01 5.747200029220290718e-01 3.650878950451882377e-01
-6.696478714910494290e-01 6.473111372517104112e-01 -3.640879286620255506e-01
7.042036314902836436e-01 3.595035441440748158e-01 -6.122535807520816942e-01
-6.258178169219631437e-01 -5.893180687138503959e-01 -5.109366633061338536e-01
2.023956225195349123e-01 -6.746744941984028632e-01 7.098241605236180751e-01
8.851661640121286645e-01 3.050316390987060644e-01 -3.513353970735227372e-01
3.954480834385517007e-01 7.349544449250400291e-01 -5.508745566730255394e-01
7.136468763628893708e-01 -6.940127118084314928e-01 -9.515509290520411667e-02
-2.645934491435470437e-01 1.071388553638844415e-01 -9.583900940335506879e-01
-1.302342296611639083e-01 -5.305193007629465107e-01 -8.376086896293265527e-01
3.140788770166051957e-01 7.790054066874407823e-01 -5.426831813901393797e-01
-4.762776935513265975e-01 -8.671346897147823585e-01 -1.457291615246469885e-01
6.254299979462298875e-01 -4.826599470919974433e-01 -6.130878347693167196e-01
9.470675799200542477e-02 -8.893000735483225228e-01 4.474103364670867222e-01
8.485147954986511920e-03 9.723180624648608550e-01 -2.335071469329391691e-01
7.728660694470657067e-01 -2.253500035459730377e-01 5.932077330912614022e-01
6.539884372477573482e-01 -2.403896246652299229e-01 7.172948851759267663e-01
5.686929460511528367e-01 -8.215969958936469864e-01 -3.958168073989747765e-02
9.401360922929488106e-01 -1.955780953019466695e-01 -2.790937774408575045e-01
3.544117763132949017e-01 -5.196270831591431882e-01 -7.774187978547828504e-01
7.452452715782489356e-01 6.580615292847531439e-01 1.075384064679865137e-01
-7.292534214110529822e-01 -4.081360435257877506e-01 -5.491943347626496719e-01
-1.598931996018279900e-01 -8.344542066475074682e-01 5.273711612606140076e-01
5.667651323737185054e-01 6.549201363445632529e-01 4.998568792522716797e-01
-6.031676960434816381e-01 6.670101153570091590e-01 4.373628201631082901e-01
5.508115244524330878e-01 1.605044830785386789e-01 8.190512654541703963e-01
-3.283887101435614131e-01 6.298839517678593847e-01 7.038515911437247530e-01
-5.121101367370153312e-01 -8.253619503549338710e-01 2.377411591573808936e-01
2.668915376881132451e-01 8.902278235133856965e-01 3.691386316183858929e-01
5.326078781958837327e-01 -8.224765056791888407e-01 -1.996528128763270238e-01
-5.076179307103698690e-01 5.926408023456434249e-01 6.253806167578541686e-01
-4.140632954942041200e-01 8.807524693461669107e-01 2.298405426923386952e-01
-3.782432003757913996e-01 -1.853712123744010176e-01 9.069562255105390047e-01
-4.400692075191762198e-01 7.653153137031772912e-01 -4.697143421323768941e-01
-5.589337440134891644e-01 4.461425453916262329e-01 6.989634461075514560e-01
4.110409143678596666e-01 3.070223378119958935e-01 -8.583604434036381514e-01
-6.281081239575224684e-01 -1.824172366466565443e-01 -7.564417600798881702e-01
1.055327552993623984e-02 -8.868872930895109752e-01 -4.618653025850166793e-01
2.777796115261051413e-01 6.565139777401998167e-01 -7.013044163928717767e-01
-7.306150545769412030e-01 4.577441408001816647e-01 5.066280130318857600e-01
-8.807227292657185402e-02 3.180121820832214619e-01 9.439870374047598656e-01
-2.763845429993448399e-01 -5.449955146319641619e-01 -7.915753112762448085e-01
7.268932368963665347e-01 6.239146771484054277e-01 -2.869785667835210718e-01
-3.668210161445521478e-01 -8.131696107654200478e-01 -4.518822039451138584e-01
6.750138912818895998e-01 1.371467922836744624e-01 -7.249462076201103056e-01
-4.915867407685453605e-01 8.692232757775295582e-01 -5.285237125370709221e-02
3.542533753023789367e-01 7.411956094603451284e-01 5.702048882669977781e-01
-6.245368903946479922e-01 -4.164240756980926994e-01 -6.607152652354663092e-01
5.190911779830461592e-01 -4.106424628355578310e-01 -7.496113103846027137e-01
-5.839553911805088759e-01 7.031300960704894853e-01 -4.057143935222452535e-01
-8.376696467274562519e-01 1.194820503992003735e-01 -5.329480299090163520e-01
4.915072080738843718e-01 -6.842567225571578593e-01 -5.387145831019909403e-01
-3.831463389543479647e-01 8.932858769648898134e-01 -2.350302639256221238e-01
6.415589225438821375e-01 -5.026063566422450668e-01 -5.794730357550224031e-01
8.799554301530045919e-01 -4.466804285222614745e-01 -1.617251857918541591e-01
3.773782676343748754e-01 -2.965259791077784479e-01 8.773015370050661899e-01
9.883406612566830729e-01 -1.519010478476398585e-01 1.043115379484070050e-02
4.576589971026131520e-01 -8.671717912949161722e-01 1.963703815584133539e-01
2.361785063957232977e-01 -7.190574729473351301e-01 -6.535870743177817355e-01
2.730632830912810283e-01 7.844108033118919465e-01 5.568986757705599588e-01
6.175128831260482398e-01 -6.328504364805663807e-01 -4.670954551477801142e-01
1.920055342022148059e-01 7.899293239826745694e-01 -5.823620334019009581e-01
8.362282763429982335e-01 -5.192940699071565414e-01 -1.762269525460834763e-01
-6.414409074755287321e-01 -2.333933805449847632e-01 7.308085194732981682e-01
7.996957142948386554e-01 -5.453690902477423830e-01 -2.511161483075468603e-01
6.923361110044377043e-01 6.504620376743168730e-01 -3.123617245179481361e-01
-5.546427310179665726e-01 -5.338492484371651914e-01 -6.382604647571440415e-01
-6.078219766192834994e-01 6.088922383401156324e-01 5.097084331534948998e-01
8.321963870890903836e-01 -1.683062781490452520e-01 -5.283201397367707219e-01
5.309541150419734290e-01 7.343727972081470767e-01 4.228289517531607644e-01
7.888084292916895945e-01 -6.108674586955417096e-01 6.798683538177170693e-02
1.569482595596517205e-01 7.099434447323766939e-01 6.865475577865840506e-01
6.832253241051067238e-01 -6.334178012400218938e-01 3.632974615569559695e-01
-9.420768638651254578e-01 2.786380071025547633e-01 -1.866870203521567850e-01
3.518482286932390624e-01 -7.460063111263144364e-01 5.654002190706497455e-01
-7.120447924512252058e-01 4.554187673899594280e-02 7.006555152185570678e-01
-5.429013780920313170e-01 9.460251777261920181e-02 8.344509915488473872e-01
-5.000426934954189662e-01 8.656178689985760677e-01 -2.574897186705345925e-02
6.521065670728514174e-01 -4.950226952253718449e-01 -5.742034102931375950e-01
-7.442985420147745224e-01 -3.989484313344670019e-01 5.355929699785547671e-01
-1.006122220164594877e-01 -7.620116905186195659e-03 9.948965346201895654e-01
-5.786794238419823433e-01 7.264844570058420770e-01 3.706082273113185943e-01
-7.658561866119240058e-01 5.710949046399721452e-01 2.954909665666669571e-01
6.003906439669993711e-01 -7.884737508418996343e-01 -1.335672821846654035e-01
5.003450337864719932e-01 7.751957583758680714e-01 3.856505975118889040e-01
5.142237794205413159e-01 7.058584817518411825e-01 4.871731811352510433e-01
7.645983845388608646e-01 -6.168184611849403254e-01 -1.868804331705344046e-01
7.836987579294983908e-01 -2.960915408066089327e-01 -5.460275233745361945e-01
5.573675815608843953e-01 -1.073805915886990037e-01 -8.232926500188326724e-01
-3.802090976737939054e-01 4.172550367052677567e-01 8.254327812669940423e-01
4.059294750662773010e-01 -9.127763802087431877e-01 4.539318236740711582e-02
6.277654645026837787e-01 6.164815345155617576e-01 4.752483973450809529e-01
-5.842967287473841420e-01 7.410527402339465164e-01 -3.308144025988964954e-01
5.495199951201104049e-01 -5.825628615451196035e-01 -5.988725134046107845e-01
6.622970594790721366e-01 3.451677027807091847e-01 6.649976405690943837e-01
-4.256923687336476303e-01 5.227646970787527270e-01 -7.385818023009340649e-01
-3.015159034192571030e-01 6.340261104669017156e-01 7.121088759673490642e-01
-5.870642402209946820e-01 3.038525134705194475e-01 -7.503527356592991637e-01
-6.951901951342511765e-01 -2.783606680605647532e-01 6.627412248125794658e-01
9.457965635345300104e-01 -1.259650699921644190e-01 -2.993353663504245143e-01
-7.924669423212708785e-02 7.571921643947076008e-01 6.483671703846037859e-01
-8.896771594583259279e-01 -4.369384720225660268e-01 1.325115980008907679e-01
8.103423276165606925e-02 5.889853305641663539e-01 -8.040707266782874951e-01
7.758685745207486439e-01 5.777113256025554477e-01 2.535302335850296851e-01
-7.400158211142050524e-01 5.389512935373607094e-01 4.023780407714546148e-01
6.675333752883190197e-01 4.571758576466277701e-01 5.876984159084099879e-01
7.221511439985954794e-01 -1.810528922081938441e-01 -6.676208320930134832e-01
6.067878080397784424e-02 -8.609241090549637487e-01 5.051017362948378997e-01
7.052825017747942349e-01 -6.179300851728793953e-01 3.474751826080897943e-01
-7.408339842956185306e-01 4.262066104342380202e-01 -5.191463502085293946e-01
-4.646656133266827138e-01 4.039421766123494351e-01 7.879826049764139251e-01
-1.014927524994996832e-01 -7.664652077481860504e-01 6.342162931536884374e-01
6.256546166575691625e-01 6.235172754418990410e-02 7.776043741693621225e-01
5.003258218306150945e-02 5.329294195162314063e-01 8.446792139825555212e-01
2.782643771541773448e-01 -8.722042787548976994e-01 4.022792966691755567e-01
4.477767611621406019e-01 2.918850136392002748e-01 -8.451621802802036232e-01
-1.977063058021149844e-01 9.764830856857261709e-01 8.598255646212844827e-02
2.756361180416760925e-01 5.579796114825981146e-01 -7.827410067197476673e-01
9.965971649817985112e-01 -7.155637528386185608e-02 4.091180644358308194e-02
-4.799391358028435306e-01 -5.329860181843142364e-01 6.968388123123234745e-01
-2.052410837677307032e-01 8.996122943587079313e-01 3.854527433713617612e-01
-7.587951379406780994e-01 2.293921763242726952e-01 -6.095975459914524386e-01
5.049952391189950207e-01 -3.350526502801411399e-01 7.954366913887003232e-01
2.630453279466496430e-01 -7.404368826673848325e-01 -6.185146548233478869e-01
-1.454494541173901589e-01 7.272380370544659911e-01 -6.707975057781001560e-01
-7.007371551561746292e-01 -6.091422432548208032e-01 3.713666205599475134e-01
7.141181024486470408e-01 -4.790720317550946628e-01 5.104168141285992943e-01
5.446430356712116394e-01 -8.241576971140754937e-01 -1.553320764764025697e-01
4.378415901110915276e-01 8.569201718394621192e-01 2.719973548834942467e-01
-4.653643858661594135e-01 8.535307207157826204e-01 2.343529329063513689e-01
4.070224855026138289e-01 8.485689784171154271e-01 3.380286750608705315e-01
5.869228534931649754e-01 5.584740643274116456e-01 5.861981606257928856e-01
-7.905469536246364504e-01 -4.499713264688988690e-01 -4.154050065545991099e-01
-5.803515786815259814e-01 4.367764583583949589e-01 6.873269749877112256e-01
5.504776636704007409e-01 5.466588383533060869e-01 -6.309821362369866238e-01
-7.073226068873826600e-02 -5.563607893064250742e-01 8.279248875472896563e-01
6.982109782286554100e-01 -3.768788545644888299e-01 -6.086573410903237669e-01
9.886636232013081838e-01 8.590271760133423584e-02 -1.231461053674345191e-01
9.418816891225616494e-01 2.903839813159808658e-01 1.689260994953418471e-01
-7.051767533253495632e-03 7.342760958105766234e-01 6.788143249047075001e-01
6.588040882305858936e-01 5.146268661029838043e-01 -5.487589288710370550e-01
7.518067337664131600e-01 -5.670067016912383462e-01 -3.365858513079549308e-01
8.353839111636083281e-01 -1.663231537569135818e-02 -5.494152228089755896e-01
6.759942032006504009e-01 4.827441039178912430e-01 5.567674266438634723e-01
-6.779946817236981449e-01 -7.029330619543235903e-01 2.149612103750355996e-01
-2.977620902806824010e-01 -3.833861699488270713e-01 -8.742727161953801618e-01
-1.538379440130905607e-01 -3.653468406260048651e-01 9.180716600714901032e-01
-8.360373334802719825e-01 4.578148405205668681e-01 -3.024022963311037704e-01
2.929888513411041950e-01 -3.206447618414736134e-01 -9.007466179195151579e-01
-8.144118909624236125e-01 -5.595869475236554536e-01 -1.536089841779030019e-01
-5.006073914478920139e-01 -8.013999489416592237e-01 3.273382981932345115e-01
-5.203463573306477130e-02 -6.284003900467052262e-01 -7.761477607216785701e-01
-1.043797890923042204e-01 -2.575856538649188843e-01 -9.606011089687687132e-01
1.197919827373173512e-01 7.929802536608816510e-01 5.973543321813160611e-01
7.577802863304200498e-02 -5.565494997097243379e-01 8.273514034250170068e-01
-5.495768740371426153e-01 -7.571202365863179962e-01 3.531773023214265783e-01
6.146386994844982299e-01 -7.802028882921666630e-01 1.162012142645918455e-01
-2.338638158515344290e-01 -6.862155612284251971e-01 -6.887785704878723880e-01
-8.784637095865006629e-01 -3.694446257002899359e-02 -4.763786494217973622e-01
-8.170295692235338691e-01 -4.514438370140684276e-01 -3.586936646170679754e-01
-6.302154112238809169e-01 -6.361554959108999263e-01 4.451232643642338838e-01
-3.801783130912508302e-01 5.514708249186643929e-01 -7.425256759995699785e-01
-2.895599982834989872e-01 -7.434651849528596257e-01 6.028387231731801021e-01
-2.922680802838014541e-02 9.054433048192285227e-01 4.234598156265902413e-01
9.120725229583651616e-01 -1.871950992331787300e-01 3.648036563515266728e-01
-6.581304738926605502e-01 -3.175157857701454978e-01 6.826770870042359052e-01
9.308374855008986204e-01 -2.731269736561282024e-01 2.427822725155380501e-01
-9.408999952583617654e-01 -3.032216709872293525e-01 -1.508768277984628703e-01
1.426274464431531441e-01 7.137898498982173101e-02 -9.871992970129831457e-01
4.776179127591028695e-01 5.346587461050562595e-01 6.971521746541474718e-01
-4.861969990518527074e-01 -1.490764993672261396e-01 8.610392995963577212e-01
-1.188345114412358988e-01 1.773895000756899043e-02 -9.927556036322090494e-01
-5.633689732455514632e-01 -7.366645459922113170e-01 -3.740865496945091073e-01
-9.668423531513902214e-01 -1.999689492053126072e-01 -1.588341383532060613e-01
-6.221876744633511036e-01 6.993908745733892207e-01 3.517597224091422725e-01
5.896074117783524082e-01 4.273144638114315108e-01 -6.853943747898587624e-01
6.785213438930967067e-01 7.301255719026439328e-01 8.078016548227030802e-02
8.430036408620169563e-01 -5.374413781435979365e-01 2.239702106293638140e-02
-2.153035820721267979e-01 8.544364359077392113e-01 4.728453706447707794e-01
3.458199988952703197e-01 8.381256038623324800e-01 -4.218459440536034277e-01
-3.678885603093361434e-01 -6.349298891342366469e-01 6.793541367192149627e-01
-7.499014057221833340e-01 2.114156807953370132e-01 6.268582707516410224e-01
-3.507626948797027411e-01 -5.329681016267036053e-01 7.700068405729629806e-01
4.316457004028081967e-01 4.118679679058386833e-01 -8.025252434265754964e-01
-7.358840359481252369e-01 -5.599265709904909238e-01 3.807320852456868576e-01
3.733556032923405210e-01 -6.889924156611116901e-01 -6.212045111327494373e-01
3.916884216406717467e-01 -1.925690974498823205e-01 -8.997206916926924203e-01
6.672169074009519363e-02 6.569034514724240159e-01 -7.510166918440626116e-01
-8.882794568135877755e-01 2.521902231275421902e-01 -3.838745862411809817e-01
-4.986613399571484390e-02 -8.255968365300352385e-01 -5.620526952091944306e-01
-8.650986331919571226e-01 -2.539342343110622124e-01 -4.325757268898269281e-01
-7.166009246031691537e-01 -1.591435064092706908e-01 6.790850161987418421e-01
2.877770175679990605e-01 -9.523443801625107730e-01 1.011166145227905960e-01
1.739556935675838911e-01 -7.668904865147690986e-01 6.177527000091230791e-01
2.365455679467041161e-01 -1.733325651357552066e-01 -9.560345266507012107e-01
-9.300838280196972729e-02 6.723610521725346123e-01 -7.343568997769439610e-01
-2.099232183042095412e-01 5.569865195940729707e-01 -8.035535199395772432e-01
2.665961958856906122e-01 7.187106765192607938e-01 6.421693170780622406e-01
-1.296507503537375483e-01 -1.295896526576175156e-01 9.830550365349800535e-01
-4.108658609340228307e-01 -2.535908965614726007e-01 8.757173639366143680e-01
2.089740495601092041e-01 -9.123766932433837740e-01 3.519923525259000541e-01
8.037753398548337369e-01 5.894683776723540491e-01 8.045020053156778927e-02
-2.672517025640460675e-01 -8.686516182949298726e-01 -4.171581157189897526e-01
-6.441559714083707755e-01 3.421926385620018274e-01 -6.840813421026138430e-01
3.009850517387374635e-01 6.057285122026834223e-01 7.365466503450769364e-01
-5.512899117980870622e-01 4.811396959125342487e-01 6.816040097937008380e-01
-3.289485810095212903e-01 -8.998075631375263006e-01 -2.865993377039263157e-01
6.583310148169235765e-01 -7.485317232427519674e-01 -7.937590458921264802e-02
7.053995067045633061e-01 3.892714720445061144e-02 7.077402158641840080e-01
2.834028791251019808e-02 8.078228245828031895e-01 5.887436727168264827e-01
-6.380350011857398584e-01 -5.575458086125362200e-01 -5.310875714611539289e-01
-9.854796916114104688e-01 1.689934819392190646e-01 1.646148485216571838e-02
6.560309236829435786e-01 3.906951343594324833e-01 6.457404580476342471e-01
2.178308903512995165e-01 -3.659041105609971978e-01 9.048004669999488714e-01
-1.264169894558041796e-01 -7.740396639687274760e-01 6.203880587020599302e-01
-1.912042601985111390e-01 7.272302196545756825e-01 -6.592246494959800307e-01
-6.031912713636151668e-01 6.239729796188794309e-01 -4.968078208485481317e-01
-8.680639675456605087e-01 8.651474291954597273e-02 4.888559578305774478e-01
-2.762006977411690656e-01 -9.597475866768636621e-01 5.096807270465765483e-02
6.162003963935374085e-01 4.437484197246974738e-01 6.506799608688444980e-01
-9.704902228079492765e-01 -2.378492326955258529e-01 -3.970478485430579269e-02
-7.698461614678377973e-01 4.865998755502666806e-01 4.129860152447065724e-01
-7.538797078581261912e-01 -6.264832902690988803e-01 -1.979496731327190506e-01
-6.161353310191652888e-01 -2.118937126156697215e-01 7.586028660793812106e-01
-8.865727779115177842e-01 1.216644281613222800e-01 -4.463031216409236723e-01
5.841216951681499348e-01 -3.423265703237535762e-01 -7.359445390002313792e-01
8.811800061768763070e-01 3.235621234928865997e-01 3.447163311403945718e-01
-7.320998262498580322e-01 -2.267513848745823513e-01 6.423501022514023218e-01
6.335647962655881482e-01 5.819583424358211188e-01 5.098236328401178907e-01
-1.836924910531766431e-01 2.687381921761392012e-01 9.455352202835065611e-01
-6.223112634042834435e-01 -7.094579537164226180e-01 -3.307538410187714772e-01
3.800467434504951614e-01 -2.274728087682826860e-01 8.965604241007640862e-01
-5.738271225489198768e-01 -5.921520318482509371e-01 5.657547212398804648e-01
-1.977303761652569325e-01 7.739234686296110333e-01 -6.016187854828484172e-01
-6.884278332966214942e-01 6.744115248887626590e-01 2.669011304579523292e-01
-5.578764513266438740e-01 -6.030710257902887061e-01 -5.701571738629970243e-01
-4.390500401783478668e-01 -2.916397964678389410e-01 -8.498125036357070394e-01
5.174393512210506696e-01 -8.517388175558752161e-01 -8.244697978978766939e-02
5.777917162906377468e-01 -7.456596395166988911e-01 3.318861771477474298e-01
-2.877796734192115680e-01 5.950207603723166594e-01 -7.504219841480405107e-01
2.800914135196320709e-01 9.542548333763514190e-01 -1.046255850662077685e-01
-5.419714610410917288e-01 -7.571979865570185320e-01 3.645794077714506476e-01
-5.065706411022595779e-01 -7.721557023437185530e-01 3.836166796573431403e-01
-5.414356218915015173e-01 5.786268649071598658e-01 6.099495213168664165e-01
4.866415079500427399e-01 -3.453889508085827287e-01 -8.024253955349711642e-01
-6.284824330357920985e-01 -6.685054944037460700e-01 -3.976307776284603301e-01
-1.605264498957813535e-01 -9.336417298217469796e-01 -3.202255130674525607e-01
4.930115611173373491e-01 7.052896192847063483e-01 -5.094174648889452373e-01
-8.120463322071775902e-01 -1.837001043932557920e-01 5.539269139469367165e-01
2.859211159316081274e-01 -2.108494461836642464e-01 -9.347682207416264655e-01
-4.226717123819865862e-01 8.133993494813094305e-01 3.996625098948636823e-01
-7.713550001073473661e-01 2.097771092877283305e-02 -6.360592735379173579e-01
-1.823072326650777494e-02 -9.002550882498123741e-01 4.349809384438617088e-01
5.912579784047010678e-01 4.534030087616278126e-01 -6.669630534135223554e-01
-5.013601136421235172e-01 2.188004934991470418e-01 -8.371167066146074642e-01
-2.903886629502466787e-01 -4.841874767018873316e-01 -8.253707723411505270e-01
-5.505023556880532798e-01 -5.332947906075026223e-01 -6.422957439472909424e-01
-3.958951797565909425e-01 -6.408073989338453069e-01 -6.577483440626331612e-01
8.661637477721448874e-01 4.163960144545047481e-01 2.763597676792264313e-01
-3.404856499109512047e-01 9.024049061104973957e-01 2.640736784165007012e-01
-3.184701440489394741e-01 -5.385930136738099894e-02 9.464015759737857136e-01
7.239988052604845459e-01 4.850596992909118055e-01 -4.904516470613603518e-01
4.318018321176266272e-01 8.055817585733867636e-01 -4.056910253304487068e-01
-5.158495562215915653e-01 -3.216175770105335618e-01 -7.940159755973809075e-01
-9.151518161832600251e-01 -3.394731771278143295e-01 -2.173824172908845331e-01
3.243358791941529651e-01 5.656263068890459156e-01 -7.582038765545945358e-01
7.012366907727449750e-01 -5.171516737790478047e-01 4.907354173295616073e-01
-2.847085293028924977e-02 -5.666080089536239539e-01 8.234954612643786698e-01
-3.392372515862925875e-01 6.059280580532628857e-01 7.195618636364632392e-01
-6.347405400570215184e-01 -5.295175867168475659e-01 -5.627748858697290135e-01
4.678994919131316266e-01 8.500555005204188941e-01 2.418175169470019314e-01
-1.468589801124429162e-01 -3.277291528707148584e-04 9.891573851283402830e-01
-7.946962284441899671e-01 -6.066654252454513063e-01 2.037072184130275104e-02
5.630209948078318538e-01 -8.105059821579824186e-01 -1.615159815365768969e-01
-6.304811236338261349e-01 5.650320709273061182e-01 -5.321957455345052157e-01
8.331099154449662647e-01 3.012877148109394457e-02 -5.522862717072742900e-01
1.140310378552369525e-01 6.909791170309511621e-01 -7.138240555156323275e-01
-6.077610488597842142e-01 -4.854966903192211580e-01 -6.284261859422608509e-01
4.003518911309502659e-01 8.144141927868553399e-01 -4.200570031022058948e-01
-4.766862581794388820e-01 7.989775644112118158e-01 -3.666129605325119667e-01
5.173139190753081040e-01 6.650640060131253195e-01 5.385872046722973705e-01
5.579919950834696385e-01 7.445270129689396388e-01 -3.665030155159946790e-01
-4.052888257584985610e-01 -8.315645287917912132e-01 -3.797912613141379845e-01
-1.801745546184614910e-01 -4.446868650512252885e-01 8.773771833817837207e-01
4.324094691694493342e-01 -8.826368149835370769e-01 1.843211973927914860e-01
6.845627521094705958e-01 7.087908816987426031e-01 1.702625162654026747e-01
-4.369755435053774284e-01 5.768904888086100469e-01 6.901084974845208553e-01
2.319077397290489617e-01 -4.922917965618641700e-01 8.389681682231190374e-01
4.587477376843563381e-01 -8.288347853081622363e-01 3.202864527772874004e-01
-5.764136047340993052e-01 -6.714096562651744593e-01 -4.657858196116771987e-01
-7.108572542779824088e-01 4.845805956676952908e-01 -5.097681927530486323e-01
7.422568495157728652e-01 -4.863057360361486836e-01 -4.610439246376195621e-01
1.430951205950379279e-01 -9.402289379869025465e-01 3.090199518379241894e-01
3.567047478954092354e-01 3.361375572653348409e-01 -8.716497378101862870e-01
-6.036419696599573115e-01 -4.288918119756606195e-01 6.720626355372554261e-01
-6.601296837019964281e-01 2.959078046336492407e-01 -6.904110166070616117e-01
-5.637431939042248930e-01 -6.635063888276128141e-01 -4.918870635741544595e-01
-8.900660712411417874e-02 4.508889049435485519e-01 -8.881311948620324026e-01
4.646606690258940908e-01 3.418988169214764450e-01 8.168204586370882980e-01
4.653154802083424579e-01 7.711715875150059185e-01 4.344834709031693554e-01
-6.515334699686702313e-01 7.474673291683647802e-01 -1.296021964956426686e-01
8.765364536019163433e-01 -4.022061734600978489e-01 -2.644126311989671296e-01
-7.548120941767531011e-01 -1.080421059570813302e-01 6.469819207867120170e-01
3.276624561046012629e-01 6.593805982092766360e-01 6.766494968332397164e-01
-4.207440326823483900e-01 -7.646903376917673079e-01 4.880810858894716886e-01
9.944258677341313302e-01 -6.337386919749772585e-02 8.426711270809376930e-02
-6.912977447735402237e-02 6.236059322986329256e-01 7.786762584557608280e-01
6.833959525169017724e-01 -1.826796551428930965e-02 7.298193293682246896e-01
6.601479654736610581e-01 1.030760391295751505e-01 7.440295651641433139e-01
-8.094799447187642771e-01 5.193958662996307485e-01 2.738067807213006577e-01
-4.098403017790639424e-01 4.798327629454337551e-01 7.757521812033768560e-01
-2.578425760595880467e-01 8.997948673452260682e-01 -3.519750029052384210e-01
8.484027343439154434e-01 -4.524565884014300488e-01 -2.747650559476342291e-01
-1.936810663723098902e-01 6.355013990736404494e-01 7.474126144937148775e-01
4.615866646693457254e-01 -8.028045287856253598e-01 3.774157383585359238e-01
-9.233583585354753209e-01 -2.684725522459525671e-01 2.744664467894337712e-01
4.228478429867830735e-01 7.780257438166625628e-01 4.646241961413047350e-01
-4.398341410562600085e-01 -3.696063660852277333e-01 -8.184968310937889013e-01
-8.824228133102960392e-01 2.395972353259154808e-01 -4.048742315506388967e-01
7.150933597762207938e-01 -6.946158520599209352e-01 -7.842387946937044718e-02
-5.036928474169517500e-01 8.781048004297786758e-02 8.594084215642905367e-01
-8.595766139765429470e-01 9.329471274112984686e-04 -5.110060413676912328e-01
-9.467118482629566234e-01 5.362541902418945655e-02 -3.175861942733292920e-01
1.775002764192567806e-01 8.633132207282884218e-01 -4.724234697671537142e-01
1.610962432192906968e-01 -7.868713364206001426e-01 -5.957193133853306843e-01
7.483942424448956077e-01 6.629344589103551844e-01 2.059031482434829641e-02
1.608964261224054282e-01 -9.831747013277097880e-01 8.648610715141440142e-02
9.618372765057415785e-01 -1.958246272248257702e-01 1.911066950587438917e-01
5.494084258285489852e-01 -5.686657796728671332e-01 6.121842963174128904e-01
3.275874045176883076e-01 6.306523006926019193e-01 7.035368988421946135e-01
-9.282693999997927436e-01 3.644093883536601575e-01 -7.430826807116576449e-02
-6.039145893522678277e-01 2.327228227477816103e-01 -7.623170315162756117e-01
5.780075601685396025e-01 -7.891671892456675330e-01 2.076593552096913931e-01
6.012826621663857063e-01 6.016583857039065064e-01 -5.258006723942767469e-01
-3.996916280861793069e-01 -3.734749667327704192e-01 -8.371159129187399905e-01
-5.796595732680150936e-01 -3.078033870340242673e-01 -7.544878090791958813e-01
-1.471146896370314205e-01 9.622338627097508645e-01 -2.290486008419875819e-01
-2.675758857666089147e-02 -9.543717418962621712e-01 2.974199215309166200e-01
-1.955348869682031754e-01 -5.348728834387769249e-01 -8.219958068872497137e-01
2.981714865710778928e-01 -9.396362092591858950e-01 -1.678617253724651592e-01
-7.426393494487327773e-01 5.515845337218985289e-01 -3.797911252374897018e-01
-6.177498399437235665e-01 -7.454144591017083377e-01 2.504843695954132587e-01
2.148743696484108623e-01 -6.503664762136134314e-01 7.285962200599763738e-01
-5.684656669145972119e-01 -7.728952270375356592e-01 -2.819215379532725163e-01
-1.397945577160283337e-01 -5.465392404316239405e-01 8.256829538638931210e-01
8.013905570474537665e-01 -3.635127310418890811e-01 4.750070204172132660e-01
-1.225741520175962912e-01 -6.458325870243584177e-01 7.535753756556751171e-01
7.133113897471163867e-01 6.035272142875054424e-01 -3.562888755931079565e-01
1.289961682180661706e-01 9.913194335266087842e-01 2.541199121556415169e-02
7.679830867469458200e-01 5.486926051661974446e-01 -3.303610199562964644e-01
2.662396359836766147e-01 6.954351373338368836e-01 6.674476953235712884e-01
-6.496128599765234046e-01 -6.297593273839993122e-01 -4.259182101366113526e-01
-2.095883073070449187e-01 -7.564560078991806602e-01 6.195539117408607188e-01
8.778224168856318954e-01 -4.458296515651296588e-01 -1.751106113243375562e-01
-6.020237809857360567e-01 -6.793418927918305483e-01 4.195973782397255381e-01
1.838990179574668538e-01 -8.405178900907814832e-01 -5.096183156359473942e-01
-8.634611081560209511e-01 -2.745556353104833605e-02 -5.036676550396786967e-01
-1.637964104974589941e-01 -9.831831560208639242e-01 -8.075653301746876789e-02
5.558403510759293287e-01 2.456043892208851012e-02 8.309261633597427865e-01
-2.570996488426528503e-01 1.903216575449450942e-01 9.474584092372231314e-01
2.322674360122000403e-01 3.616405516176020574e-01 9.029218956222265779e-01
-2.575173035866438198e-01 -6.502301351217185665e-01 -7.147626247454855752e-01
3.281465161601760938e-01 7.248149088534595608e-01 -6.057748854448248288e-01
-8.347942682459910113e-01 -2.260456601981472857e-01 -5.020178176212714005e-01
-3.307148890198429170e-01 -9.427190862268512994e-01 -4.368508491697688928e-02
3.254877838320859029e-02 5.663924938047838475e-01 8.234926350535011208e-01
-5.298354734265637855e-01 -7.174508832842459993e-01 4.522594401154102495e-01
3.707891662823860068e-01 -1.733986254626667667e-01 9.123860536282165645e-01
3.038965285213161560e-01 -9.478434116876935933e-01 -9.612370609233837626e-02
-3.648490233134351612e-01 8.797781484739768398e-01 -3.047549829862238879e-01
4.978650683104975938e-01 -7.493488796577878475e-01 4.365851925017633639e-01
-7.961008003525754662e-01 5.937381479386817373e-01 -1.170407081332498628e-01
2.930831773402823859e-01 4.421492742218320893e-01 8.477064765974314797e-01
6.236360069675763729e-01 5.336292514307849899e-01 -5.712424641349389542e-01
2.103663874360426136e-02 -3.039309662903936227e-01 9.524617722303392320e-01
-4.639965008841716032e-01 -4.635174657072709259e-01 -7.548899298252387258e-01
1.416319904734005541e-01 -9.468191651366707207e-02 -9.853809993905106035e-01
-7.403258084639082748e-01 4.152416985332035848e-01 5.286700569556788132e-01
-1.930468716440700838e-01 -8.765734193753351722e-01 4.408536557555928770e-01
7.333223841729077375e-01 6.430001842083394870e-01 -2.208824211633962364e-01
-4.915466764193366367e-01 8.639874052330077658e-01 -1.091220807162242290e-01
6.168267142860285324e-01 2.638740563253370169e-02 -7.866565383743315820e-01
4.291254434862458722e-01 5.565679811262662646e-01 7.113954147573381404e-01
-9.078223146590590209e-02 -2.980090358062183475e-01 -9.502363921824499293e-01
-2.172272150440013316e-01 6.051205175698902705e-01 7.659252550087215505e-01
6.715147250355166797e-01 -1.367917025746457904e-01 7.282554525489005615e-01
-8.475008783699828907e-01 -3.028462646198190056e-01 4.359201775186943850e-01
-7.398842728644616784e-01 2.969948089227033017e-01 6.036268269724216484e-01
-4.952542970552802903e-01 -2.278458701797445862e-01 -8.383373072280125848e-01
3.109628520075513047e-01 -9.107359533387273665e-01 2.717758781929128231e-01
2.583260841582727951e-01 7.544934121442673503e-01 6.033301958913988017e-01
7.032974112523018295e-01 7.075673820118671964e-01 6.871063410188556209e-02
-3.398308199936026508e-01 1.519900993250367371e-01 -9.281239267951457705e-01
6.399671521795623486e-01 -3.478153344561207838e-01 6.851762818781438336e-01
-5.843090417265736081e-01 -3.307956160937495782e-01 -7.410514180066926082e-01
5.847876735550795457e-01 -8.082847722338455387e-01 6.855000972223344868e-02
4.325332806997383289e-03 6.755308343872247212e-01 -7.373190512174554456e-01
-6.819741882253209653e-01 -1.290710708923727967e-01 -7.198971212979745626e-01
-7.273573223217851824e-01 5.280582242503748525e-01 -4.382987992984049841e-01
-7.253042976459980196e-01 -3.097930914829351012e-01 6.147860735944588040e-01
8.744293008147128177e-01 2.864594218082130439e-01 -3.915538245682153029e-01
4.328015004121206488e-02 6.984457663543341965e-01 -7.143530920169078868e-01
3.501909788068093693e-02 -9.181062036384718406e-01 3.947843229209793692e-01
-3.637709050009945710e-01 -5.406637694224960544e-01 7.585205449482665951e-01
-2.314689414350146746e-01 -2.197954445895498043e-01 -9.476877606514899632e-01
6.900068659346388911e-01 -4.577246217673482942e-01 5.606948328556231598e-01
-8.236318306272971679e-01 -4.339504068878357046e-01 -3.651268984057585709e-01
3.650996597815907296e-02 6.987747542519059385e-01 -7.144094520682533478e-01
-9.735242728512749633e-02 1.508451716273315479e-01 9.837521227923297085e-01
-2.391104547712695136e-02 -8.002660556729196406e-01 -5.991681750910160531e-01
7.371299225950901368e-01 -6.309036664077469769e-01 2.420744532746455790e-01
2.914881367054353856e-01 9.559215593034405822e-01 3.533608097783572100e-02
6.774016101449947813e-01 2.080443593615037279e-01 -7.055810393646004819e-01
5.224265888274962633e-01 -5.944076547220421558e-01 6.113509624543888021e-01
-7.106158009752970850e-01 6.821497225124728558e-01 1.723279996993915542e-01
5.696376679142948207e-01 -6.877556520041934185e-01 -4.500056559971778447e-01
3.757822937897796756e-01 6.262015789967705359e-01 6.831246226978228142e-01
6.515072944255611009e-01 -2.059994686727362190e-01 -7.301386609520384985e-01
-3.699033896355372608e-01 7.212176311799524120e-01 -5.856761996285301253e-01
1.255112130287966421e-01 -9.575859477819459453e-01 2.593763443619950260e-01
-7.925009900002651930e-01 -1.215031650890340265e-01 -5.976446784854245742e-01
7.370251003930756717e-01 6.618295257301566314e-01 -1.370243783506154556e-01
9.741131344849418561e-01 1.461183370382305169e-01 -1.724906745453317070e-01
-1.270117624608762541e-01 1.299045897629934887e-01 9.833579255566562427e-01
7.389282651203104013e-01 -6.737484501529914516e-01 6.931444490867795342e-03
-4.972167348036286016e-01 7.836429299443662400e-01 -3.723966661765746866e-01
3.608504940015542783e-01 -4.155034631352062802e-02 -9.316976385609554434e-01
4.607068173279587064e-01 7.200683752551270134e-01 -5.188937881927134788e-01
7.343442353219854501e-01 9.862214502866660515e-02 -6.715744311387333854e-01
-4.634484062161046136e-01 -8.829896686392818550e-01 -7.446354713578756668e-02
4.251460257181396973e-01 5.839297434087686867e-01 -6.915756730674094133e-01
5.445142147426094148e-01 7.400769518890342180e-01 3.947028948790161085e-01
2.996792846046807957e-01 -8.085670099751760542e-01 -5.063711255182609117e-01
9.029716606524779143e-02 -1.025817303327339336e-01 -9.906176913433998310e-01
5.233052927545727151e-01 -7.461095985127890184e-01 -4.116698162145677187e-01
5.823743106756250620e-01 5.900415371252976104e-01 -5.591879350736266296e-01
-4.417696993376857284e-01 5.315469184475681841e-01 7.227014641163979070e-01
8.441016949316488827e-01 -1.199401910542339383e-01 -5.225960956449939854e-01
5.086402713428378464e-01 8.254006423505502177e-01 2.449466349546024768e-01
4.193169023393640837e-01 -9.043110828875453588e-01 7.996749826820448437e-02
6.167360199358650208e-01 -5.853570630557580756e-01 -5.263019954782667265e-01
4.738916936465228935e-01 3.039832198249629025e-01 -8.264507636621062359e-01
-7.505519826815630902e-01 -1.162822255648830183e-01 -6.504999349042643875e-01
6.071692262619935443e-01 -6.471767564671628836e-01 4.609856576609021594e-01
4.053112823912650153e-01 9.049932572614668436e-01 1.292670440507899809e-01
-9.237977842650586524e-01 -3.737621135696025387e-01 -8.306344711695858030e-02
-3.229749493406419147e-01 6.160259198391959679e-01 -7.184700746619042677e-01
7.168442887800785535e-02 8.696470707515215892e-01 -4.884417211804618075e-01
-6.465644649177217929e-01 6.189679537440162527e-01 4.459070137860643990e-01
2.094038440295759029e-01 -9.756454665042347818e-01 -6.531426946212551266e-02
-2.657730776416810659e-01 3.327914001597172960e-02 -9.634610371160144959e-01
-7.226169623713664114e-01 5.573941699780369241e-01 -4.088232686230989787e-01
-4.714968512237695530e-01 6.312727610190995708e-01 -6.157803346010599643e-01
-7.350403052277081350e-01 -5.045531342097187011e-01 4.529259149683394492e-01
4.089579960511419143e-01 -4.446210322909407431e-01 7.969099667530658015e-01
-3.575657798798638209e-01 4.332542177833272334e-01 8.273073768750416335e-01
1.750743930893629563e-01 -5.892248499399871386e-01 7.887731188989587361e-01
8.154732642725855962e-01 -5.780256310536570075e-01 2.982826011747079925e-02
7.075252599843537826e-01 7.106288915675719464e-02 7.031060178015596795e-01
-7.152212155849838604e-01 -6.709004419855699730e-01 1.958346489278774138e-01
-3.519784304370752182e-01 4.170404799317077860e-01 -8.379668386072230968e-01
-9.097786436978166913e-01 -2.665209406129185332e-01 -3.182285463093562083e-01
6.582674996061834705e-01 2.720340785805945294e-01 -7.019126434628674138e-01
4.892412917274081563e-01 5.542437405953531959e-01 6.733920362461736087e-01
-6.387804328573663815e-02 -9.745186289047548245e-01 -2.150186910563413045e-01
6.535111967669334776e-01 -4.424642066729724821e-01 -6.141242069105461443e-01
-5.491893909302919541e-01 6.121991620333400164e-01 -5.688613178053955055e-01
-7.735797476622487956e-01 -5.127796379458021692e-01 3.723324011081812768e-01
-5.362669543088121049e-01 -7.384052500637692251e-01 4.088709336631948799e-01
7.983597468689562771e-01 -3.644352920363077009e-01 -4.793835964003640981e-01
-9.928817921825546788e-01 -1.182029487320493955e-01 -1.462223182031258985e-02
-8.587564593803619362e-01 2.826132778574620974e-01 4.273956932997405866e-01
-2.148964626253834498e-01 7.847668879312567070e-01 5.813436522039158172e-01
-8.892575718413847641e-02 -9.168356073577408338e-01 -3.892360193895090803e-01
3.640023257451052152e-01 6.866517059743468820e-01 -6.292946380946474738e-01
-4.548486459879074739e-01 -5.261483602095144985e-01 -7.185266956013577344e-01
-5.721853552023414835e-01 7.506789912624471928e-01 -3.302801407429226677e-01
7.249172529114260577e-01 -3.107567829935214410e-01 6.147562104239930880e-01
-6.524501067378227770e-01 -5.687579169642725807e-01 5.008226134154341036e-01
-9.659521723967422480e-01 -2.054136767565390154e-01 -1.572946980777623627e-01
9.860562355884415764e-01 1.663086484785801789e-01 5.876537958686908758e-03
-6.141654548720965057e-01 -7.723673046452688151e-01 1.620171001985697690e-01
2.985293489312282333e-01 9.497822609880229860e-01 9.377571401581492883e-02
4.294388976719369921e-01 6.423369605342384991e-01 -6.348113596163412753e-01
2.345513722501826881e-01 6.989478188953456295e-01 -6.756164594183562411e-01
-1.951813808944678486e-01 -6.564760565066156683e-01 7.286586414677667101e-01
-1.326550811748521963e-01 2.532737429105590965e-01 9.582562499616527063e-01
6.570458881634714254e-01 2.868341052713737627e-01 -6.971491209925216870e-01
5.515381637876602960e-01 2.067208208018638527e-01 -8.081287992224629457e-01
1.599892527713258628e-01 3.231705863777240562e-01 -9.327187202463296245e-01
-4.171244723021555467e-01 -5.127506762814888486e-01 7.503958412594810001e-01
-7.120888430951304304e-01 -4.875408077796618556e-01 5.052063343714068289e-01
9.929114981159310460e-01 3.048071153341033387e-02 1.148811696214592920e-01
3.377738572407573692e-01 -8.891535910365211404e-01 3.087308097867126899e-01
-3.615383305860223606e-01 -8.904565229598258025e-01 2.763642817647919414e-01
1.589879806366058246e-01 -5.772624989760493097e-01 -8.009312263166052936e-01
1.800962195931688492e-01 -9.817057134179925093e-01 -6.180003180192831375e-02
-7.902676596043702872e-01 -6.079725995775586700e-01 -7.646139121371309244e-02
8.824057455802594152e-01 -3.488510756752789543e-01 3.156945155797729607e-01
-6.428354619244777135e-01 -4.236167790107941977e-01 6.382095215780342334e-01
-6.685127205845526888e-01 3.114871152114817021e-01 6.753269722688920451e-01
-7.178203621687709868e-01 4.257472675710199939e-01 -5.508840093991699272e-01
-9.465260534013977267e-01 2.579679058954547841e-02 -3.215943964493995777e-01
7.326516605161454976e-01 -4.293531990218118488e-01 -5.280884157342132790e-01
2.917725137443965555e-01 2.820757019575312330e-01 9.139486301693557913e-01
6.069658322081450397e-01 -2.327855586638374885e-01 7.598706220202482431e-01
-9.924123317055634497e-02 8.626801856103546440e-01 4.959174074319950276e-01
7.472708870568769424e-01 6.453814001550992607e-01 1.583321498972088126e-01
-3.193464626660274530e-01 1.538024355087202685e-02 -9.475132109321807716e-01
-8.036943239361586666e-02 -9.627351533823123031e-01 2.582281525679634981e-01
-1.712991805758282138e-01 -6.708839433105950878e-01 7.215062891909370668e-01
-5.755921024339316627e-01 7.876913618817981133e-01 -2.196270703544635772e-01
-5.212442723394065114e-01 -8.118332503497635022e-01 2.631181905150244416e-01
5.985467690895396320e-01 5.385593307926839213e-01 -5.930393009140370042e-01
8.556598788749743001e-01 4.798511148334350662e-01 -1.938790325867489062e-01
7.683959358824524744e-01 4.451086550397162500e-01 4.598325466167711983e-01
-2.899629142649469138e-01 4.796266601911567395e-01 8.281785889437469628e-01
-5.207946730292742910e-01 -8.080390889661085430e-01 2.754010516449648116e-01
-6.494269916802454246e-01 -4.911578574004129005e-01 -5.805243677839735383e-01
-4.848178415882557490e-01 -7.397307176821331653e-01 4.666370386019323968e-01
4.454794474156220652e-01 -7.825976424608457327e-01 -4.348436408009188070e-01
5.603510691480814154e-01 7.706099016725062034e-01 -3.035902810514403694e-01
3.905110389970765650e-01 -9.186789421370605835e-01 -5.941489455813975945e-02
6.609354976709636009e-01 7.227420738169518799e-01 -2.020103033342791898e-01
-7.020994235075549428e-01 -6.627935318553196398e-01 -2.603096879509297912e-01
9.053431349819078822e-01 -4.567007925728208684e-02 -4.222180145396034479e-01
-7.598917179457834736e-01 -5.102758687893376166e-01 4.027196478056321860e-01
6.905492323115202113e-01 -5.912148728025858058e-02 -7.208650411108450395e-01
5.485007131452521723e-01 6.838872903572275064e-01 -4.810874575033098344e-01
4.892341028561570937e-01 8.713362295599210716e-01 -3.772489441776701036e-02
8.900229810568860422e-01 4.495117464050725209e-01 -7.614645779335839360e-02
8.753103928027551328e-01 -2.703487454106034971e-01 -4.009280136213970169e-01
6.630312354882362813e-01 -5.258803841272839952e-01 -5.327658044179292007e-01
-5.751136810146771916e-01 5.590475346193556350e-01 -5.972521309679592605e-01
-4.020072727150252878e-01 -8.707733597400332259e-01 2.830969951293757503e-01
-6.502216291752308530e-01 -2.355097188897028460e-01 7.223205695958004879e-01
4.312836701574457310e-01 1.586720478516999988e-01 8.881540277936430527e-01
6.918834252017416198e-01 3.238187827014375048e-02 7.212827045554355276e-01
8.820300715479558740e-01 4.216782843832565519e-01 2.102626390129767320e-01
5.340560842554080700e-01 6.577064256271750731e-01 5.312309823029017775e-01
-2.142647529207375723e-01 -2.161467706112026876e-01 -9.525603336325543236e-01
4.571637705486840675e-01 -6.600809296887820699e-01 -5.960658127748170720e-01
5.995498958738736117e-03 -8.375781118494435296e-01 5.462846881827795320e-01
4.177385106313927787e-01 -4.795041540158092586e-01 -7.717320150266210321e-01
9.916507971087051843e-02 -6.663506071701751354e-01 7.390149898952493857e-01
-6.347802079410572729e-01 -7.724993120159699966e-01 -1.728874030000785572e-02
-8.683885696392610321e-01 3.697413476477239280e-01 3.304430782442313030e-01
-4.389781303905404553e-01 6.480596903818888199e-01 6.223478438469568497e-01
-8.153252814410874016e-01 5.429901553261538005e-01 2.010133743358666347e-01
-7.498727671784184701e-02 3.280757085600327638e-01 -9.416704507327785523e-01
-8.345033288045453634e-01 7.031566407483419434e-02 5.464978514137526222e-01
6.470165065706721119e-01 5.320733768409235953e-01 -5.461387752963342557e-01
6.717651331576910412e-01 1.859993975251414688e-01 -7.170326561558503231e-01
-6.217539728155689893e-01 7.482723966470006260e-01 2.313231888596787023e-01
-5.295747247651626521e-01 5.659250651482420347e-01 -6.318856158569050585e-01
6.961479099297035456e-01 -2.961093968095108719e-01 6.539857128574085854e-01
-3.086250999165272013e-01 7.586109285769732091e-01 -5.738118217195391502e-01
-1.854212642050260540e-01 4.755626351550878983e-01 8.599180977424295547e-01
-5.301690625794629463e-01 1.160714331259676962e-01 -8.399096305530121542e-01
-6.306802408356235734e-01 7.200579885236318978e-01 -2.894113456359670433e-01
-6.244108587703153246e-01 -4.873989718761805867e-01 -6.103714620325556561e-01
-6.672818315861543947e-01 6.675928207580390517e-01 3.302344362833046221e-01
9.877022677358242575e-01 -8.181625638892549290e-02 1.332303662834105895e-01
-3.946207158510353641e-01 -6.362798360172252643e-01 6.628894786456556165e-01
5.729153662999924013e-01 -3.864853567466857709e-01 7.227704006651990420e-01
-3.504395637290590448e-01 -7.868319483657516544e-01 -5.080232250639156177e-01
-3.404681485207408653e-01 -7.973286421916949696e-01 4.983457396061561906e-01
7.167822134678691892e-02 -6.887883757641007909e-01 -7.214102896388524533e-01
7.125507633165641952e-01 7.011391099152719519e-01 2.598765561188466286e-02
9.379353303663455488e-02 -8.399163041502332172e-01 5.345496938387663821e-01
-4.918061398659938077e-01 8.695668647191168166e-01 4.449930979999203173e-02
-2.747277901721675297e-01 4.658996731739933894e-01 8.411076838571167613e-01
1.351196269030041919e-01 -6.151011067858473957e-01 -7.767839563587926044e-01
-4.041251446810490977e-01 -5.546627553437132041e-02 9.130204596365113501e-01
-8.652908142797779423e-01 4.305393645198586361e-01 2.567248767102148221e-01
3.032697226194315254e-01 9.135102127205499967e-01 2.711578259936243684e-01
-6.521013669521305012e-01 -7.489848542022889966e-01 1.174116493144478357e-01
5.360043647846358672e-01 7.577382906061650436e-01 3.721988767864112257e-01
-4.786673020517818178e-01 7.612985605232766018e-01 4.373809731705931569e-01
-1.628999844090012195e-01 -9.571984789520364689e-01 -2.392376788289313216e-01
4.966679725710095861e-01 4.429560822862071423e-01 7.463985759551380328e-01
6.360318313007674584e-01 -1.592629740327009824e-01 -7.550488823079281042e-01
2.871304221287560021e-01 2.267131583226039693e-01 9.306757032025453347e-01
5.096612264389577263e-01 -8.536486168251663509e-01 -1.073753847826292296e-01
-1.256210152027519705e-02 2.128747104790606748e-01 9.769987467974819983e-01
-3.340938240098036416e-01 8.267878386642335542e-01 -4.525518606695057011e-01
-8.237534216762790740e-01 -1.513978430359403937e-01 -5.463597655397833819e-01
-8.743010461260396493e-01 8.826568394193282097e-02 4.772911582893353821e-01
-1.355310530290121662e-01 -8.808566058485188810e-01 4.535669450013682935e-01
-6.138083531572227081e-01 -1.622260633478927183e-01 -7.726072805540105115e-01
6.529671371789278478e-01 -3.747850183745360941e-01 6.581565982092361100e-01
9.035306666419352928e-02 6.445688978895598442e-01 7.591885531393461894e-01
-4.857172364050595936e-01 -5.552490476528904040e-01 6.751127767562911108e-01
-5.730498079847891058e-01 -1.410513493933306106e-01 8.072907991566092845e-01
8.626577151975042268e-01 -1.111723122773586314e-01 4.934190748168612028e-01
-1.120742581392289716e-01 -9.005887927108027213e-01 -4.199752220146332204e-01
4.691571934310292402e-01 -6.570544382848374498e-01 -5.900601604769776243e-01
-8.730184997695314975e-01 3.261491526611960401e-01 -3.625816174029516392e-01
-4.272191061144010038e-01 -7.749599717693105294e-01 4.657476543431233185e-01
8.279912257765861261e-01 -5.140837221235670107e-01 2.239385109456739353e-01
5.258457298735639274e-01 2.908276719254351272e-01 7.993156658143077964e-01
-3.251826030816158397e-01 5.044831514300441855e-01 -7.998456254654866537e-01
-4.218929150860722399e-01 -6.560678147804273053e-01 6.257646447422633429e-01
-1.023165773709890786e-01 -3.290288552779948028e-01 -9.387605287769286155e-01
7.732513634679996084e-01 5.799329338619622076e-01 -2.564373629507533670e-01
-7.762381635836225202e-01 -4.439648258805880543e-01 4.476042300706557509e-01
-9.001206162926681520e-01 -3.406395687274926254e-01 2.715650204684972313e-01
6.990605872477907434e-01 -4.448752741675361944e-01 -5.598216553431398790e-01
6.897238138689577580e-01 -4.924976020323266757e-01 5.307797778499735442e-01
6.291187951077148455e-01 -6.847405341057940520e-01 -3.678857738411866474e-01
4.162539101976255734e-02 -8.097777702200166239e-01 -5.852583102186158515e-01
7.196465550501616182e-01 -6.265618974786802964e-01 2.992140110896386318e-01
5.181749884193834754e-01 7.738382215143339016e-01 3.642376810546987254e-01
2.389496124840099212e-01 8.146570025863901776e-01 5.284288512474502042e-01
-6.170063476409693992e-01 2.846675442541208856e-01 -7.336671971807647852e-01
-7.774562692345939885e-01 -4.401171419198150470e-01 -4.492868246634433294e-01
5.268275455880073732e-01 5.067852608562517513e-01 -6.823645921269486658e-01
-4.608537658525893033e-01 5.125884324792915336e-01 7.244769874798712150e-01
-8.804824453500859072e-01 -3.438250246982260672e-01 3.263970217719476263e-01
-7.573210257107253485e-01 6.527590664749373106e-01 1.924747129425786671e-02
-2.172985466194112814e-01 -4.930840763693227213e-01 -8.424069297365160969e-01
8.472148394420174755e-01 -4.654708868026218860e-01 2.560544265745416381e-01
6.812494881784116885e-01 -7.302378923654944121e-01 -5.149519793391318240e-02
5.341685852292563652e-01 -7.822847971537729705e-01 3.204596990204152118e-01
6.673166736832978341e-01 -6.315470029406012875e-01 -3.947617510613244951e-01
-3.389636174254022083e-01 -8.630975974982522114e-01 -3.743877712407691627e-01
-7.896654123918417367e-01 -3.788782265974471319e-01 4.825762384146116690e-01
2.536155923078355356e-01 -9.448563652308926697e-01 2.071848942877151933e-01
3.174389963877595200e-01 9.055492429067117932e-01 -2.814481341977824180e-01
9.714197564478973534e-01 -4.552526788153035686e-02 -2.329615993399399010e-01
-6.953851777644606269e-01 4.893546124228011496e-01 -5.262808355298714824e-01
6.622416343334496247e-01 -1.703549768690497401e-01 -7.296678693839458996e-01
4.973972147656693377e-01 -6.048654068717663757e-01 -6.218792891817567225e-01
-8.798168824545202771e-01 -3.106041897904850968e-01 -3.597878411405882049e-01
-1.008013528752982890e-01 -7.130580320737629485e-01 -6.938208199193809378e-01
5.904023824712725244e-01 4.367848968240664598e-02 -8.059263094795388049e-01
-3.402266743703361573e-01 7.762127472505161441e-01 5.307914666351633004e-01
-9.328760344778058711e-01 2.703071489059532539e-01 -2.380679515333771756e-01
2.902754253568349818e-01 8.375840853246632189e-01 4.628099798456768998e-01
-8.070906114660277852e-01 -5.774411444547978833e-01 -1.231522211497891317e-01
1.515716334858712225e-02 -6.942213165633555338e-02 -9.974722191798198745e-01
6.706217619496454008e-01 -4.088225803082902177e-01 -6.189754035740231419e-01
-1.254048503025025074e-01 8.847699999721839736e-01 -4.488381341528686619e-01
-8.634844328328005192e-01 -4.267933862555431390e-01 2.687787932556128245e-01
5.337581260926875792e-01 6.707569061922955544e-01 -5.149635284419302739e-01
-4.416728520971578975e-01 -8.209337111912904383e-01 3.619294593564569840e-01
-5.394279373871173622e-01 5.548298383277163737e-01 6.333887833452058747e-01
5.888220793859884061e-01 -6.543728947678109087e-01 4.744308942520041317e-01
1.468762026151526345e-01 -4.083819227389368089e-01 -9.009170806935572484e-01
-4.666534084352376710e-01 -8.464789137603467850e-01 -2.563358050582839054e-01
6.675124140458823518e-01 -4.026350557531485075e-01 -6.263482968551105090e-01
-3.452740177640598040e-01 7.662974060726340797e-01 -5.418248223396711083e-01
3.919140143349252869e-01 6.409714475128099886e-01 6.599689453612321843e-01
-4.819775130461552703e-01 6.399528496882341821e-01 -5.984630540758147932e-01
-8.041634570251497971e-01 -3.040775310689800004e-01 -5.107425863234371644e-01
1.605800971111160658e-01 -6.831636562514460387e-01 7.123913609729841667e-01
6.262668077092597985e-02 6.290588851839641338e-01 -7.748308317476303442e-01
-6.741822858717622102e-01 -5.611150144430165909e-01 4.802376349093631092e-01
-8.544183266094470541e-01 1.369389138920318882e-01 -5.012155793827473005e-01
-1.749660481126302514e-01 -2.144393288049348256e-01 9.609384248064689604e-01
-3.712791413649434991e-01 7.401721008299390059e-01 5.606220298385578005e-01
7.417087181233366078e-01 -5.058703780496501823e-01 4.404126906342968328e-01
1.693810598104907861e-01 4.854955550524366892e-01 8.576736690617250414e-01
3.380287085692976201e-01 -9.406990068117634385e-01 2.867003254855018599e-02
9.918302495754062198e-01 -1.102367628354437995e-01 -6.419199441323886202e-02
-4.380846265398535139e-02 8.980266748816738698e-01 -4.377543943821225469e-01
8.956224359073193808e-01 -3.510354213306408899e-02 4.434277772412907326e-01
-6.359999537446187068e-01 -6.088202538996776436e-01 4.741750281049972315e-01
-6.570810172101940738e-01 -2.569757443217376425e-01 7.086663556655595775e-01
6.876112833897740639e-01 -1.824860383234612748e-01 -7.027727717919043382e-01
-5.585333549203873593e-01 7.703290633504646934e-01 -3.076257882541260646e-01
-4.130335419797468988e-01 -5.699762136854363836e-01 -7.103030402810327493e-01
-6.550911567805773883e-01 -4.748071079202128564e-01 5.877191391951842592e-01
-8.459447384698922656e-01 -1.482326397147123997e-01 5.122544133321975668e-01
-1.988756075433442683e-01 -5.162682682229702280e-01 -8.330159469964072416e-01
-6.402519831159996233e-01 7.342416258135223694e-01 2.257579080314691122e-01
4.085461495702664148e-01 7.551734396208238387e-01 -5.126432675482663903e-01
-4.439708439439080112e-01 6.015692100738360137e-01 -6.640816028312145347e-01
5.659180804395830267e-01 -3.256405915866783518e-01 -7.574265187743663974e-01
-6.045252805881484726e-01 1.482244104380481542e-01 7.826740760240582517e-01
6.501050839331351527e-02 -9.978075022582352238e-01 1.240250924711673933e-02
8.415538772463231343e-01 4.585276736996244523e-02 5.382235552409395662e-01
-6.548990202742657196e-01 -7.465009716563084652e-01 1.176587122145830583e-01
5.028238379320009582e-02 -9.969429261624799254e-01 5.980371104426201317e-02
2.700818389714019774e-01 8.325183917812665202e-01 4.837033466948096883e-01
1.875611598230666477e-01 7.339636317219808692e-01 6.527772963540526829e-01
-3.960834159778887642e-01 7.887112264978960452e-01 4.701622366624855776e-01
6.725526990325190191e-01 1.753248627374858620e-02 7.398415228608993255e-01
6.939481159415338274e-01 6.214134357069102110e-01 -3.637050375017222281e-01
-8.207207285659279261e-01 -3.018959244509344386e-01 4.850529213417109076e-01
4.877203274828711410e-01 -7.511041110301625023e-01 4.449398797068994660e-01
-7.586974810103389588e-01 -1.254725236299127356e-01 -6.392454756371039881e-01
-5.426958847886385051e-01 -5.886187081157634449e-01 5.991737586790716330e-01
-2.152714080116409634e-01 9.550004494330888161e-01 2.040401001648544654e-01
5.690083071252163283e-01 7.865665983395342398e-01 2.398802467879947720e-01
-7.189391386490432412e-01 6.437523061402212754e-01 2.621249382598276334e-01
2.422114417945420983e-01 -8.756424920704996007e-01 4.178323151030495786e-01
6.791908694615249598e-01 7.219467313429749344e-01 -1.322598954456418452e-01
1.093515190586094588e-01 8.315109436274294996e-01 -5.446391428344059538e-01
6.651092326821372858e-01 -7.315283459198531624e-01 1.499866251261833261e-01
5.441707141096663314e-01 8.352152261908661890e-01 -7.933322030723131968e-02
6.880953864440121359e-01 -5.645640990119867864e-01 -4.558422065377985555e-01
3.323399338333826170e-01 -1.539183973050890220e-01 9.305156072579628956e-01
6.782536581905965756e-01 -3.298633130874039088e-01 -6.566294006744404221e-01
7.503987808626175759e-01 2.422825042839476303e-03 -6.609809373943464905e-01
7.271211234564746162e-01 -9.794288714744626978e-02 -6.794866169989052240e-01
6.029983288798169694e-01 -7.962543737480785033e-01 4.870305591237100024e-02
2.752697783783107921e-01 -6.817919596840924523e-01 6.777804016211153026e-01
7.490931379004618362e-01 6.581615335333208527e-01 -7.538478976230507389e-02
8.444519670268152423e-01 -4.420737040711452109e-04 5.356311043576379438e-01
-2.726982525130385304e-01 -9.092470571224812170e-01 -3.144923722293477275e-01
-8.897648166097746336e-02 9.954256358186875930e-01 -3.479927105838837714e-02
-7.088546314772238288e-01 6.657105550629534019e-01 -2.331406620713421529e-01
8.762115050647772962e-01 -2.212576416138404556e-01 -4.281336875551830512e-01
5.565685248526780482e-01 -3.347672649624344188e-01 7.603698806849762404e-01
-6.897924797341669079e-01 4.453817138005197185e-01 5.708077293750506431e-01
-6.481276788665230049e-02 -5.553255533476504358e-01 8.291036334005518205e-01
-7.237654911351051878e-02 6.602361765176195663e-02 -9.951896889792386514e-01
-6.481617644602251094e-01 6.679388331598999917e-01 -3.657103255977315892e-01
-3.596609944248590485e-01 7.631005300074386044e-01 -5.369558177277603539e-01
-2.103908309271896870e-01 4.275909980932714183e-02 -9.766818098261391690e-01
-5.442886703371960788e-01 7.049832388349821510e-01 4.546960262684353049e-01
-6.782587062191486327e-01 -3.179227988256720927e-01 6.624879028516502677e-01
-1.719604174832236598e-01 8.392706459908484407e-01 5.158046118416345083e-01
7.001018718575694466e-01 -4.500236359228584893e-01 5.543790184813077726e-01
-4.894776951474317942e-04 -8.376028849537896503e-01 -5.462793859635147742e-01
1.253894243140960263e-01 -3.639280180059200065e-01 9.229484763411566206e-01
8.336159875958266685e-01 4.836298110908766601e-01 2.668081540148980468e-01
-3.577353035814884730e-01 -6.233257256673311320e-01 -6.953348058976737134e-01
-1.192123898963189377e-01 -7.140814439813449876e-01 6.898377327000353443e-01
-5.810197554003817544e-01 -7.892136435524480520e-01 -1.988916002880717071e-01
-8.508501893451856368e-01 7.904401573305493145e-02 -5.194285310493200747e-01
-2.286646719596859695e-02 1.189329458363421466e-01 -9.926389469855921854e-01
1.406103947327768944e-01 9.516412122519467554e-01 2.731441378406975207e-01
3.559992628156317673e-01 8.877467290072643680e-01 -2.918394593121870217e-01
6.605369293712222145e-01 3.852973016927956906e-01 6.443888222533719068e-01
-5.863703538066356025e-01 7.344602923027009345e-01 -3.416692658219527279e-01
6.836058428059950121e-01 -4.254964443835261290e-01 5.929888932336609964e-01
-4.626853772854996882e-01 -6.682966197195701064e-01 -5.824962400887847558e-01
2.063946330889507019e-01 -9.551759840624804987e-01 2.122265179056314066e-01
-8.559934006262767126e-01 -4.699229567858265733e-01 2.155173143158770066e-01
-4.489494974611705769e-01 8.290087318575580788e-01 -3.334499531163346298e-01
5.344467532051205838e-01 6.203394172871595780e-01 5.740606896037491191e-01
-7.686025245809643414e-01 -2.523822104600145222e-01 -5.878378850083457730e-01
-4.866767628604493634e-01 -7.572938739960104471e-01 4.354902029894452964e-01
-3.893764192311952033e-01 -8.522631182655726612e-01 -3.493330522451819076e-01
6.006538342308378464e-01 1.243988712870551933e-01 7.897720508135873674e-01
4.957458474209259225e-01 -7.133199614664638144e-01 -4.953894299825045144e-01
9.506785027284796463e-01 2.406005957654910599e-01 1.957593874306594040e-01
-4.825716748599989114e-01 -6.435484977425370845e-01 5.941127078897903147e-01
-6.537162431202263313e-02 3.110316959239097789e-01 9.481486354288045648e-01
-4.770971812087207442e-01 4.574705313029995418e-02 8.776590948725971897e-01
4.746829033395525976e-01 6.133806171125849582e-01 -6.312213239646752294e-01
-5.249386379635538891e-01 8.069022206673653885e-01 2.708287884532274425e-01
-8.592380563968422535e-01 3.196124271049272658e-01 -3.994469412568764644e-01
-3.357775789563350460e-02 8.255006902554455905e-01 5.634014062482316509e-01
-4.702702046576546224e-01 7.740026754261508657e-01 -4.239879633249136193e-01
2.401573454559642606e-01 -3.164445800414583676e-01 -9.177076207518001238e-01
-3.840403922041090157e-01 6.806190685196935597e-01 -6.239155878186558590e-01
-2.478070517041817689e-01 -6.800234532896343165e-01 6.900433088594667419e-01
9.141610220002035492e-01 -1.437046546886848186e-01 -3.790232157485202147e-01
3.255503911102791692e-01 -9.281979981273730251e-01 -1.801816281430534405e-01
-6.993885459400651650e-01 -7.029688191130640806e-01 -1.291917225004196035e-01
-8.361820402181368017e-01 5.303829439913708699e-01 1.396192262536957440e-01
6.841691054777057079e-01 1.342490229941696589e-01 -7.168610987736373508e-01
-5.329075639589869740e-01 -4.562683426611831017e-01 7.126210267459944792e-01
4.305903672760904577e-01 8.966698697759392100e-01 -1.028352091700200505e-01
7.405127869714296374e-01 1.034267000381682844e-01 -6.640359403308082609e-01
5.375660494018259516e-01 7.703950294544018029e-02 -8.396949788562707573e-01
1.306642896652333297e-01 9.330334574230084721e-01 -3.352244184655214787e-01
1.168766964936288483e-01 -1.719043468718592371e-01 9.781557817358621509e-01
3.165463287378462165e-01 -6.353880492130714597e-01 7.043297868752953494e-01
2.606732804254653924e-01 -4.071925958740397755e-01 8.753534318991317287e-01
-7.865434577807443040e-01 2.700912024569485648e-01 -5.553378533628605673e-01
-6.977133125504313416e-01 1.979090112098652876e-01 6.884970274241114518e-01
8.971635872355443464e-01 -3.484268798720116522e-01 2.714704534959644922e-01
1.751947424344647564e-01 4.017002414879821126e-01 8.988568952908013721e-01
7.921632152689582762e-01 -4.927303485665589511e-01 -3.601308706237546509e-01
-4.044196760790280676e-01 1.766117793380318768e-01 -8.973589053434464224e-01
8.116045124453173942e-01 -5.684510194459535537e-01 -1.347648094617238668e-01
-6.757398787550416008e-01 1.436311016846886779e-01 7.230115648376340687e-01
-7.891739952047812645e-01 -5.601070765501752202e-01 2.519612432318514283e-01
4.978109405985796099e-01 -6.520724861481859147e-01 -5.718266697425725686e-01
-6.668494663230274677e-02 -9.956980050444895758e-01 6.433195662398688563e-02
5.787326976318017957e-01 6.327098976133308517e-01 -5.145353730832760153e-01
6.406435546693683980e-01 3.180971750339545712e-01 -6.988490703263570136e-01
-1.224836251834343914e-01 -7.075192260004002920e-01 -6.959987833335045115e-01
5.713372745595773905e-01 7.719619960627679411e-01 -2.786546165661376584e-01
-8.390815831630499266e-01 5.138808287498841665e-01 -1.785177600126154340e-01
6.323737036929326649e-01 -5.900559029514865772e-01 -5.019337907232275242e-01
6.095399917410853075e-01 -7.472226979955917114e-01 -2.648003739960849146e-01
-5.491701658463917779e-01 -7.012642692967926417e-01 -4.545773350617934305e-01
4.492261498089800686e-01 1.839351694349186939e-01 -8.742789713659752104e-01
9.977069351708518496e-01 -6.122095801132352438e-02 -2.885941461916929213e-02
-3.442202109324677406e-01 -6.096683816307003623e-01 7.140146432850030811e-01
7.559922165918878667e-01 -1.540033604763374475e-01 6.362065178968847601e-01
-4.531497767307725022e-01 5.787136203745169016e-01 6.780455924507368115e-01
1.509914125049878764e-01 3.996908967616271680e-01 -9.041287410516463119e-01
2.649859483480909161e-01 6.999579593240633502e-01 6.632053244335089914e-01
-5.080394751504675455e-01 8.612787655522459174e-01 -9.735486512600883408e-03
-4.345500319140550016e-01 -8.756849995455179281e-01 -2.105755240631259628e-01
6.406494726425439046e-01 -3.230266413314130669e-01 6.965788126213553477e-01
-1.603680092915500677e-01 -5.381882056652160795e-01 8.274270704290018763e-01
-5.585288644783679146e-01 4.471941960570580132e-01 6.986149572957813803e-01
-3.390029303093734514e-01 -1.267987474090986610e-01 9.322012073029843915e-01
1.508575911310451878e-01 7.486849145440666042e-01 6.455330246643327108e-01
6.224453520523286487e-01 3.092899666218415847e-02 7.820519042070821492e-01
-7.224827127946580330e-01 6.379833430117991533e-01 -2.664507154285016832e-01
-7.444217061252306200e-01 -5.641811522485609132e-01 -3.571217592041781019e-01
-5.041381901714355740e-01 3.072255206460132171e-01 -8.071289640909038443e-01
-2.615877024232972012e-02 4.932513675853142376e-01 8.694934198225000577e-01
-2.735846345296925608e-01 -2.918227349278736393e-01 9.165101958671657556e-01
7.155664692329927190e-01 6.985438565434977098e-01 1.052898269429444061e-03
-7.156491510366940201e-01 6.795273645205895940e-01 1.615204429419414001e-01
-7.831256834305667658e-01 -6.195939788009587890e-01 5.307980204375990080e-02
-7.782565971488416556e-01 -5.163848074257606502e-01 -3.573001534482814767e-01
1.980894978490947700e-01 -8.982754712905959282e-01 -3.922521236648071619e-01
-3.926641999866831156e-02 9.212845721032045798e-01 -3.869016483101399562e-01
-7.314112152056843064e-01 5.346174281621829394e-01 4.233460047958376715e-01
-1.161231729175621757e-01 -4.141479888421168987e-01 -9.027717607732242966e-01
-5.410560122450520648e-01 7.099933321102268324e-02 -8.379841802188583433e-01
-2.617384883276958063e-01 -2.083532131231824180e-01 9.423809751417833169e-01
6.144499393450960634e-01 -7.214182544879176318e-01 3.193853066914846828e-01
-4.536188808939979333e-01 -7.157870847478177145e-01 -5.309225557505514725e-01
6.462610977469755991e-01 6.944874123632399643e-01 -3.162812476386879235e-01
7.386786629449787478e-01 5.565918863189257548e-01 3.802095540537592244e-01
-6.007666752453717507e-01 -2.347224891534876456e-01 7.641889524196308070e-01
-6.609474839999910367e-01 5.604172980518922209e-01 -4.990800290918263604e-01
-1.010781573618266911e-03 4.577438130017926626e-02 -9.989512922746514034e-01
-9.514729734613275314e-01 -7.065352963195859447e-03 -3.076512011355807541e-01
2.286462368782131438e-02 -9.245481108915630797e-01 3.803787581220283709e-01
-7.644277138092924195e-01 5.046050419602555737e-01 -4.012779859257015191e-01
2.068711377410527297e-01 8.474974123252554392e-01 4.888276470001653440e-01
6.306029018050735013e-01 -4.114262420507305285e-01 6.580793474855706204e-01
-6.607610867153578260e-01 7.406268072840872518e-01 -1.219291540810435587e-01
6.134880299412206472e-01 7.016031908024131791e-01 -3.624712399276842079e-01
-8.414416284125166845e-01 1.374731873736247389e-01 -5.225678029957724346e-01
4.148608225813844586e-01 -7.892718135124444645e-01 -4.527035479006918939e-01
-2.320173858105371023e-01 -8.210720554473105448e-01 5.215444491557481577e-01
5.107989987829688605e-01 7.922513225917242607e-01 3.337996774923251420e-01
-8.479756725429011821e-01 -5.027741734583183186e-01 1.677956771753052190e-01
-3.476182607994807716e-01 9.154921543183232036e-01 2.025726046145918946e-01
8.136537964586959548e-02 -5.051688314540627722e-01 -8.591764235140650907e-01
7.335130514958387860e-01 5.290521182105429876e-01 4.266877775402065920e-01
-5.894461363264686948e-01 3.999375915135874870e-01 7.018569478633867043e-01
-4.335060427513325737e-02 -8.487702168126226576e-01 -5.269818252661417901e-01
6.667517214815887883e-01 2.754172877228104888e-01 6.925225335862715825e-01
-5.861076097959340148e-01 -5.866321357407310311e-01 -5.588744108076210138e-01
7.037619241354904354e-01 -5.594296111058085774e-01 -4.379014322368858791e-01
